Well,Content,Group, Neg. control correction based on Ratio (485-12 / 520 4), Neg. control correction based on Ratio (485-12 / 520 4), Neg. control correction based on Ratio (485-12 / 520 4), Neg. control correction based on Ratio (485-12 / 520 4), Neg. control correction based on Ratio (485-12 / 520 4), Neg. control correction based on Ratio (485-12 / 520 4), Neg. control correction based on Ratio (485-12 / 520 4), Neg. control correction based on Ratio (485-12 / 520 4), Neg. control correction based on Ratio (485-12 / 520 4), Neg. control correction based on Ratio (485-12 / 520 4), Neg. control correction based on Ratio (485-12 / 520 4), Neg. control correction based on Ratio (485-12 / 520 4), Neg. control correction based on Ratio (485-12 / 520 4), Neg. control correction based on Ratio (485-12 / 520 4), Neg. control correction based on Ratio (485-12 / 520 4), Neg. control correction based on Ratio (485-12 / 520 4), Neg. control correction based on Ratio (485-12 / 520 4), Neg. control correction based on Ratio (485-12 / 520 4), Neg. control correction based on Ratio (485-12 / 520 4), Neg. control correction based on Ratio (485-12 / 520 4), Neg. control correction based on Ratio (485-12 / 520 4), Neg. control correction based on Ratio (485-12 / 520 4), Neg. control correction based on Ratio (485-12 / 520 4), Neg. control correction based on Ratio (485-12 / 520 4), Neg. control correction based on Ratio (485-12 / 520 4), Neg. control correction based on Ratio (485-12 / 520 4), Neg. control correction based on Ratio (485-12 / 520 4), Neg. control correction based on Ratio (485-12 / 520 4), Neg. control correction based on Ratio (485-12 / 520 4), Neg. control correction based on Ratio (485-12 / 520 4), Neg. control correction based on Ratio (485-12 / 520 4), Neg. control correction based on Ratio (485-12 / 520 4), Neg. control correction based on Ratio (485-12 / 520 4), Neg. control correction based on Ratio (485-12 / 520 4), Neg. control correction based on Ratio (485-12 / 520 4), Neg. control correction based on Ratio (485-12 / 520 4), Neg. control correction based on Ratio (485-12 / 520 4), Neg. control correction based on Ratio (485-12 / 520 4), Neg. control correction based on Ratio (485-12 / 520 4), Neg. control correction based on Ratio (485-12 / 520 4), Neg. control correction based on Ratio (485-12 / 520 4), Neg. control correction based on Ratio (485-12 / 520 4), Neg. control correction based on Ratio (485-12 / 520 4), Neg. control correction based on Ratio (485-12 / 520 4), Neg. control correction based on Ratio (485-12 / 520 4), Neg. control correction based on Ratio (485-12 / 520 4), Neg. control correction based on Ratio (485-12 / 520 4), Neg. control correction based on Ratio (485-12 / 520 4), Neg. control correction based on Ratio (485-12 / 520 4),Blank corrected (all groups) based on Raw Data (600 1),Blank corrected (all groups) based on Raw Data (600 1),Blank corrected (all groups) based on Raw Data (600 1),Blank corrected (all groups) based on Raw Data (600 1),Blank corrected (all groups) based on Raw Data (600 1),Blank corrected (all groups) based on Raw Data (600 1),Blank corrected (all groups) based on Raw Data (600 1),Blank corrected (all groups) based on Raw Data (600 1),Blank corrected (all groups) based on Raw Data (600 1),Blank corrected (all groups) based on Raw Data (600 1),Blank corrected (all groups) based on Raw Data (600 1),Blank corrected (all groups) based on Raw Data (600 1),Blank corrected (all groups) based on Raw Data (600 1),Blank corrected (all groups) based on Raw Data (600 1),Blank corrected (all groups) based on Raw Data (600 1),Blank corrected (all groups) based on Raw Data (600 1),Blank corrected (all groups) based on Raw Data (600 1),Blank corrected (all groups) based on Raw Data (600 1),Blank corrected (all groups) based on Raw Data (600 1),Blank corrected (all groups) based on Raw Data (600 1),Blank corrected (all groups) based on Raw Data (600 1),Blank corrected (all groups) based on Raw Data (600 1),Blank corrected (all groups) based on Raw Data (600 1),Blank corrected (all groups) based on Raw Data (600 1),Blank corrected (all groups) based on Raw Data (600 1),Blank corrected (all groups) based on Raw Data (600 1),Blank corrected (all groups) based on Raw Data (600 1),Blank corrected (all groups) based on Raw Data (600 1),Blank corrected (all groups) based on Raw Data (600 1),Blank corrected (all groups) based on Raw Data (600 1),Blank corrected (all groups) based on Raw Data (600 1),Blank corrected (all groups) based on Raw Data (600 1),Blank corrected (all groups) based on Raw Data (600 1),Blank corrected (all groups) based on Raw Data (600 1),Blank corrected (all groups) based on Raw Data (600 1),Blank corrected (all groups) based on Raw Data (600 1),Blank corrected (all groups) based on Raw Data (600 1),Blank corrected (all groups) based on Raw Data (600 1),Blank corrected (all groups) based on Raw Data (600 1),Blank corrected (all groups) based on Raw Data (600 1),Blank corrected (all groups) based on Raw Data (600 1),Blank corrected (all groups) based on Raw Data (600 1),Blank corrected (all groups) based on Raw Data (600 1),Blank corrected (all groups) based on Raw Data (600 1),Blank corrected (all groups) based on Raw Data (600 1),Blank corrected (all groups) based on Raw Data (600 1),Blank corrected (all groups) based on Raw Data (600 1),Blank corrected (all groups) based on Raw Data (600 1),Blank corrected (all groups) based on Raw Data (600 1), Neg. control correction based on Ratio (485-12 / 520 3), Neg. control correction based on Ratio (485-12 / 520 3), Neg. control correction based on Ratio (485-12 / 520 3), Neg. control correction based on Ratio (485-12 / 520 3), Neg. control correction based on Ratio (485-12 / 520 3), Neg. control correction based on Ratio (485-12 / 520 3), Neg. control correction based on Ratio (485-12 / 520 3), Neg. control correction based on Ratio (485-12 / 520 3), Neg. control correction based on Ratio (485-12 / 520 3), Neg. control correction based on Ratio (485-12 / 520 3), Neg. control correction based on Ratio (485-12 / 520 3), Neg. control correction based on Ratio (485-12 / 520 3), Neg. control correction based on Ratio (485-12 / 520 3), Neg. control correction based on Ratio (485-12 / 520 3), Neg. control correction based on Ratio (485-12 / 520 3), Neg. control correction based on Ratio (485-12 / 520 3), Neg. control correction based on Ratio (485-12 / 520 3), Neg. control correction based on Ratio (485-12 / 520 3), Neg. control correction based on Ratio (485-12 / 520 3), Neg. control correction based on Ratio (485-12 / 520 3), Neg. control correction based on Ratio (485-12 / 520 3), Neg. control correction based on Ratio (485-12 / 520 3), Neg. control correction based on Ratio (485-12 / 520 3), Neg. control correction based on Ratio (485-12 / 520 3), Neg. control correction based on Ratio (485-12 / 520 3), Neg. control correction based on Ratio (485-12 / 520 3), Neg. control correction based on Ratio (485-12 / 520 3), Neg. control correction based on Ratio (485-12 / 520 3), Neg. control correction based on Ratio (485-12 / 520 3), Neg. control correction based on Ratio (485-12 / 520 3), Neg. control correction based on Ratio (485-12 / 520 3), Neg. control correction based on Ratio (485-12 / 520 3), Neg. control correction based on Ratio (485-12 / 520 3), Neg. control correction based on Ratio (485-12 / 520 3), Neg. control correction based on Ratio (485-12 / 520 3), Neg. control correction based on Ratio (485-12 / 520 3), Neg. control correction based on Ratio (485-12 / 520 3), Neg. control correction based on Ratio (485-12 / 520 3), Neg. control correction based on Ratio (485-12 / 520 3), Neg. control correction based on Ratio (485-12 / 520 3), Neg. control correction based on Ratio (485-12 / 520 3), Neg. control correction based on Ratio (485-12 / 520 3), Neg. control correction based on Ratio (485-12 / 520 3), Neg. control correction based on Ratio (485-12 / 520 3), Neg. control correction based on Ratio (485-12 / 520 3), Neg. control correction based on Ratio (485-12 / 520 3), Neg. control correction based on Ratio (485-12 / 520 3), Neg. control correction based on Ratio (485-12 / 520 3), Neg. control correction based on Ratio (485-12 / 520 3)Well,Content,Group,0 h ,0 h 20 min,0 h 40 min,1 h ,1 h 20 min,1 h 40 min,2 h ,2 h 20 min,2 h 40 min,3 h ,3 h 20 min,3 h 40 min,4 h ,4 h 20 min,4 h 40 min,5 h ,5 h 20 min,5 h 40 min,6 h ,6 h 20 min,6 h 40 min,7 h ,7 h 20 min,7 h 40 min,8 h ,8 h 20 min,8 h 40 min,9 h ,9 h 20 min,9 h 40 min,10 h ,10 h 20 min,10 h 40 min,11 h ,11 h 20 min,11 h 40 min,12 h ,12 h 20 min,12 h 40 min,13 h ,13 h 20 min,13 h 40 min,14 h ,14 h 20 min,14 h 40 min,15 h ,15 h 20 min,15 h 40 min,16 h ,0 h ,0 h 20 min,0 h 40 min,1 h ,1 h 20 min,1 h 40 min,2 h ,2 h 20 min,2 h 40 min,3 h ,3 h 20 min,3 h 40 min,4 h ,4 h 20 min,4 h 40 min,5 h ,5 h 20 min,5 h 40 min,6 h ,6 h 20 min,6 h 40 min,7 h ,7 h 20 min,7 h 40 min,8 h ,8 h 20 min,8 h 40 min,9 h ,9 h 20 min,9 h 40 min,10 h ,10 h 20 min,10 h 40 min,11 h ,11 h 20 min,11 h 40 min,12 h ,12 h 20 min,12 h 40 min,13 h ,13 h 20 min,13 h 40 min,14 h ,14 h 20 min,14 h 40 min,15 h ,15 h 20 min,15 h 40 min,16 h ,0 h ,0 h 20 min,0 h 40 min,1 h ,1 h 20 min,1 h 40 min,2 h ,2 h 20 min,2 h 40 min,3 h ,3 h 20 min,3 h 40 min,4 h ,4 h 20 min,4 h 40 min,5 h ,5 h 20 min,5 h 40 min,6 h ,6 h 20 min,6 h 40 min,7 h ,7 h 20 min,7 h 40 min,8 h ,8 h 20 min,8 h 40 min,9 h ,9 h 20 min,9 h 40 min,10 h ,10 h 20 min,10 h 40 min,11 h ,11 h 20 min,11 h 40 min,12 h ,12 h 20 min,12 h 40 min,13 h ,13 h 20 min,13 h 40 min,14 h ,14 h 20 min,14 h 40 min,15 h ,15 h 20 min,15 h 40 min,16 h A01,Sample X1,A,-2235.24,25871.13,1191.1,1412.18,1275.06,255.88,274.74,528.14,232.15,216.94,3526.18,8953.95,16639.85,23762.71,30556.93,37285.91,43728.9,51735.45,58438.41,68655.73,75159.74,71538.19,70128.96,75252.74,77498.58,78386.01,82913.01,85483.26,93066.27,91600.05,99540.86,106114.42,108270.93,112230.56,116850.88,121043.27,120803.75,78641.33,121139.78,129883.88,133562.63,136916.37,123496.23,141133.82,143971.89,150013.25,145505.4,147049.12,151239.33,0.018,0.014,0.02,0.035,0.04,0.063,0.085,0.124,0.186,0.277,0.365,0.416,0.449,0.489,0.538,0.592,0.659,0.708,0.785,0.826,0.874,0.895,0.914,0.886,0.894,0.916,0.913,0.932,0.915,0.995,0.97,0.964,0.992,0.99,0.992,0.982,1,1.639,1.043,1.013,1.001,1.003,1.173,1.018,1.031,0.988,1.047,1.09,1.059,-274.25,9974.98,-63.2,-159.27,408.81,672.91,470.23,232.98,174.51,189.18,1709.18,4544.64,8513.34,12183.7,15693.02,19081.16,22431.1,26742.94,30171.65,35727.56,38878.68,37265.81,36352.2,38746.34,40123.21,40636.29,42933.9,44231.08,48232.47,47402.32,51424.13,54821.94,55941.08,57920.79,60029.4,62437.4,62564.63,40569.84,62571.77,67240.55,69167.16,71229.15,64016.81,72993.74,74292.15,77697.74,74902.67,75474.23,77849.12A02,Sample X2,A,-1707.52,41086.96,1180.77,2871.92,1530.65,509.98,1038.66,682.96,238.45,168.6,3914.66,10973.42,20700.16,31683.98,41075.65,51792.77,61223.06,72821.66,82990.99,94914.47,108910.77,118821.56,121044.01,121892.67,123692.06,130697.6,136322.18,145889.87,150826.78,157427.66,166230.24,174566.42,180897.55,190712.66,194547.09,197112.49,207088.74,207491.29,207261.26,212121.67,209815.64,212674.5,216768.7,219641.58,219223.23,225048.25,224275.53,226885.84,226165.07,0.017,0.004,0.012,0.019,0.031,0.048,0.066,0.103,0.16,0.256,0.326,0.382,0.421,0.44,0.488,0.522,0.579,0.62,0.679,0.733,0.771,0.832,0.846,0.852,0.87,0.863,0.869,0.864,0.886,0.903,0.913,0.916,0.931,0.928,0.951,0.968,0.956,0.975,0.99,0.988,1.013,1.02,1.012,1.006,1.023,1.009,1.021,1.021,1.035,-125.33,19271.74,1658.55,1465.49,604.84,630.58,680.13,273.77,266.51,200.51,1889.74,5547.16,10507.12,16286.26,21031.99,26542.55,31507.46,37676.85,42990.91,48894.93,56563.49,61600.51,62839.06,63387.54,63980.53,67618.07,70831.77,75903.13,78602.06,81835.25,85940.53,90842.66,94749.6,99540.53,101239.36,103227.64,107665.92,108432.8,109094.7,111204.98,110521.1,111122.89,113355.6,114968.05,114863.41,118524.22,117938.16,118977.94,118634.06A03,Sample X3,A,-3376.42,25655.92,-1859.98,515.16,1629.53,770.97,478.32,713.12,288.05,80.56,1311.42,5592.49,12786.53,19920.38,27001.9,34237.03,41496.63,49213.79,58654.35,68864.66,73798.67,70026.06,73190.08,76192.11,77084.37,83653.92,82985.86,85596.53,87755.59,88188.08,92224.79,93520.11,95813.05,100482.19,97582.32,98243.05,100765.47,103654.64,100409.8,101309.52,101119.75,101439.56,101635.3,102479.95,102193.16,103228.75,102829.43,103924.67,103766.45,0.021,0.012,0.019,0.031,0.034,0.054,0.076,0.105,0.164,0.25,0.331,0.413,0.458,0.502,0.559,0.619,0.697,0.771,0.836,0.873,0.911,0.942,0.932,0.933,0.956,0.921,0.973,0.988,1.002,1.033,1.02,1.039,1.044,1.016,1.066,1.077,1.07,1.055,1.102,1.1,1.114,1.119,1.129,1.125,1.139,1.132,1.141,1.142,1.149,-772.02,10401.05,86.4,-505.38,208.46,417.94,400.67,270.66,200.35,107.57,614.93,2818.56,6505.92,10191.05,13824.32,17645.6,21196.14,25287.41,30529.57,35748.68,38409.98,36395.03,38047.4,39409.16,40011.59,43467.99,42969.03,44291.11,45583.55,45842.38,48043.93,48548.14,49589.42,52062.12,50807.65,51324.57,52511.88,53967.22,52185.42,52922.61,52777.24,52900.2,52856.52,53307.14,52871.29,53721.52,53598,54215.15,53998.32A04,Sample X4,A,-4790.07,1211.96,4515.55,8628.51,3056.38,1515.5,357.1,692.09,303.63,210.71,204.2,277.24,1226.88,2500.84,3779.98,5104.52,6572.76,8672.93,10802.2,12754.23,11842.75,12174.97,12599.7,12788.38,12783.61,12482.3,12769.19,12803.89,12857.08,12680.5,12679.62,12881.61,12449.57,12526.22,12476.58,12237.15,12307.28,12128.07,11875.1,11940.34,12058.17,11870.63,11715.17,11683.08,11694.36,11806.8,11571.44,11790.63,11518.52,0.033,-0.008,0.007,0.007,0.019,0.029,0.051,0.08,0.126,0.21,0.285,0.352,0.405,0.451,0.521,0.598,0.693,0.78,0.858,0.896,0.908,0.907,0.896,0.897,0.917,0.941,0.942,0.959,0.978,1.008,1.021,1.018,1.045,1.044,1.05,1.069,1.062,1.071,1.091,1.081,1.079,1.096,1.103,1.1,1.105,1.101,1.115,1.107,1.129,-1642.57,771.74,2927.08,5407.22,1069.15,1330.41,666.31,457.83,228.34,124.7,88.04,194,598.92,1306.07,1920.44,2599.98,3342.9,4432.95,5565.19,6612.03,6163.44,6250.38,6554,6614.27,6621.79,6514.72,6589.84,6659.78,6635.34,6562.3,6565.43,6625.57,6511.32,6476.01,6493.81,6330.98,6433.87,6308.99,6197.39,6218.07,6286.56,6122.02,6134.17,6067.97,6093.62,6124.09,5994.84,6111.29,5923.05A05,Sample X5,A,-6371.23,24627.1,-2070.51,1304.22,66.4,-123.27,651.22,786.76,168.26,139.7,2206.77,11170.18,24120.77,38598.66,53813.05,67340.29,81512.56,96009.67,113149.21,136145.08,150532.06,150811.19,148896.63,152462.23,155340.94,169346.7,171568.99,178473.72,185023.82,188087.79,194883.21,200124.38,202445.05,211309.05,208885.72,209560.12,217496.67,222185.16,221925.48,225596.53,220085.2,225220.91,221829.44,226529.05,227170.81,231228.22,232259.22,230762.55,232207.1,0.05,0.014,0.025,0.033,0.038,0.056,0.068,0.099,0.152,0.238,0.323,0.393,0.44,0.481,0.531,0.596,0.666,0.735,0.803,0.843,0.903,0.928,0.937,0.938,0.956,0.919,0.948,0.96,0.967,0.988,0.995,0.996,1.012,0.999,1.028,1.048,1.026,1.025,1.045,1.037,1.078,1.068,1.087,1.076,1.083,1.075,1.081,1.094,1.094,-2391.75,10755.32,-1237.49,-750.18,-374.34,406.66,411.4,318.79,165.6,122.45,979.33,5559.61,12166.88,19639.37,27514.59,34567,41973.94,49356.53,58535.32,70230.08,78532.98,78791.11,77552.9,79559.27,80780.85,88275.23,89367.27,92878.05,96368.04,98246.08,101666.12,105059.95,105844.78,109895.26,109155.89,109530.86,114042.08,116816.47,116018.38,118403.33,115618.63,117906.79,116687.13,118848.83,119073.72,122050.31,122093.85,121469.13,122819.95A06,Sample X6,A,-5618.62,1555.71,-1538.5,6132.76,2293.43,878.12,960.94,721.31,395.04,171.22,2674.11,12090.82,22482.87,32678.42,43881.51,55125.42,65244.04,80796.66,92854.43,101112.59,96507.2,95374.59,98878.42,99447.87,99475.9,99948.2,99574.51,99291.84,98982.82,97823.32,97669.07,98286.8,96991.5,96801.65,95900.66,95392.73,95830.5,94540.04,93455.2,94573.9,94745.92,93268.6,93421.17,93460.46,92595.93,94363.55,93710.99,94242.55,94260.74,0.03,-0.006,0.018,0.008,0.02,0.032,0.049,0.083,0.129,0.215,0.3,0.379,0.424,0.482,0.553,0.631,0.722,0.783,0.843,0.89,0.905,0.926,0.921,0.932,0.95,0.962,0.974,0.993,1.001,1.015,1.023,1.021,1.036,1.04,1.048,1.056,1.053,1.064,1.079,1.069,1.073,1.084,1.085,1.086,1.101,1.088,1.094,1.096,1.101,-2082.22,-665.76,-640.49,3491.48,472.22,777.32,442.62,239.03,237.97,162.29,1240.78,6008.89,11409.98,16674.33,22438.79,28317.67,33665.57,41626.26,48138.72,52396.39,50416,49540.76,51301.22,51780.79,51964.73,51970.21,51875.67,51483.64,51370.74,50902.7,50932.36,50975.14,50518.57,50198.14,49976.86,49621.26,49818.89,49449.3,48679.47,49117.48,49257.49,48699.38,48544.22,48732.22,48137.9,49037.95,48800.8,49157.2,48838.56A07,Sample X7,A,-5293.32,-113913.04,-2122.88,1268.21,1542.23,249.82,358.32,582.47,191.78,101.97,230.19,253.24,897.38,1399.4,1981.68,2736.49,3646,4211.28,4350.15,4124.11,4169.91,4079.02,4036.14,4001.39,3831.87,3943.71,3765.06,3714.79,3729.33,3636.89,3640.26,3685.02,3665.58,3660.77,3582.99,3556.62,3697.69,3694.25,3695.59,3747.01,3667.3,3755.93,3680.71,3775.73,3892.97,3953.03,3947.77,3958.39,3964.84,0.034,-0.0007,0.02,0.021,0.021,0.04,0.058,0.086,0.139,0.23,0.324,0.401,0.471,0.552,0.654,0.758,0.826,0.868,0.901,0.925,0.94,0.96,0.974,0.985,1.015,1,1.035,1.049,1.043,1.07,1.065,1.061,1.062,1.053,1.081,1.089,1.061,1.055,1.077,1.071,1.094,1.074,1.081,1.065,1.059,1.043,1.051,1.048,1.048,-1505.67,-60621.12,-680.56,-272.36,677.18,185.23,596.61,214.25,236.07,114.7,50.1,115.1,443.9,706.78,994,1365.91,1862.06,2193.71,2285.23,2160.9,2166.84,2117.72,2105.46,2055.81,2006.13,2056.99,1963.7,1925.79,1951.24,1876.15,1893.93,1899.69,1903.25,1906.41,1853.72,1853.88,1951.25,1905.18,1934.86,1927.25,1874.75,1940.02,1920.67,1950.31,2036.44,2045.25,2057.59,2081.5,2073.08A08,Sample X8,A,-3853.8,107905.14,-1251.41,5058.52,1493.31,883.37,323.21,518.99,191.44,128.87,1492.62,3863.29,6846.26,9455.59,12379,16012.79,18100.84,18505.28,18867.74,18889.14,19280.77,19281.22,19703.35,19707.16,19895.71,20572.72,20227.79,20398.19,20357.46,20361.03,20465.35,20588.36,20690.15,21143.47,21207.19,20997.03,21368.33,21619.28,21599.86,21691.34,21874.09,21999.83,22261.15,22329.42,22131.1,22471.43,22382.24,22808.77,23127.02,0.022,0.001,0.015,0.011,0.025,0.039,0.061,0.097,0.155,0.251,0.346,0.426,0.508,0.614,0.752,0.825,0.899,0.932,0.949,0.975,0.999,1.03,1.047,1.079,1.09,1.07,1.101,1.103,1.114,1.12,1.114,1.115,1.111,1.093,1.102,1.118,1.098,1.086,1.098,1.096,1.092,1.083,1.079,1.077,1.089,1.077,1.08,1.072,1.059,-1240.48,40158.1,-700.99,1038.52,257.87,358.15,399.56,250.84,169.71,121.3,739.48,1947.04,3460.05,4795.2,6322.7,8188.74,9345.75,9659.67,9709.63,9816.1,9967.11,10009.41,10250.46,10208.54,10314.47,10733.99,10585.62,10629.09,10577.78,10552.48,10641.12,10681.9,10784.33,11006.13,10993.81,10859.24,11113.03,11259.89,11160.4,11228.71,11257.98,11437.88,11492.58,11610.97,11612.25,11676.74,11652.95,11848.6,12045.11A09,Sample X9,A,-4213.45,-1739.13,-2402.44,1312.13,2027.67,194.52,446.13,382.96,223.34,259.4,393.48,678.06,1913.69,2740.8,3693.83,4850.09,5438.1,5489.12,5181.28,5154.97,4998.86,4829.09,4822.26,4758.13,4638.6,4776.76,4505.44,4452.13,4497.16,4368.84,4410.44,4477.24,4453.4,4619.15,4379.42,4286.5,4567.28,4635.36,4458.6,4534.5,4454.11,4516.8,4512.86,4525.85,4576.52,4862.44,4695.15,4659.19,4644.79,0.025,-0.005,0.018,0.025,0.021,0.042,0.063,0.093,0.15,0.231,0.326,0.398,0.479,0.572,0.678,0.773,0.829,0.874,0.916,0.92,0.951,0.985,0.994,1.001,1.038,1.006,1.058,1.067,1.062,1.09,1.083,1.083,1.078,1.045,1.096,1.11,1.063,1.046,1.093,1.084,1.105,1.089,1.094,1.083,1.089,1.042,1.074,1.072,1.071,-1303.84,-3913.04,-746.14,-267.97,968.45,413.98,378.02,177.85,256.86,121.79,150.45,365.26,990.65,1393.6,1861.07,2455.94,2801.36,2807.92,2660.05,2671.01,2581.62,2480.66,2482.87,2488.84,2383.29,2480.36,2373.01,2355.96,2319.81,2270.75,2290.11,2310.49,2343.15,2407.42,2293.06,2245.52,2404.12,2411.77,2336.63,2357.6,2307.43,2341.43,2353.23,2361.26,2379.4,2544.7,2426.37,2422.12,2445.43A10,Sample X10,A,-5362.69,-75024.15,2336.19,11427.72,1746.79,690.42,542.9,496.19,208.2,78.98,635.92,2331.88,5043.66,7004.64,9321.58,11531.08,12767.01,13557.9,13646.14,14102.2,14835.6,15479.31,16220.77,17004.22,17516,18354.28,18694.26,19071.97,19190.9,19286.97,19789.23,19823.27,19820.71,20215.63,20378.97,20639.52,20843.38,20985.67,21262.83,21671.61,21789.07,21755.8,22489.62,22453.05,22399.97,22495.98,22762.46,23270.59,23419.15,0.029,-0.0009,0.011,0.005,0.019,0.029,0.047,0.082,0.135,0.223,0.311,0.389,0.461,0.548,0.664,0.756,0.817,0.855,0.891,0.903,0.923,0.955,0.98,0.991,1.007,1.01,1.027,1.028,1.037,1.046,1.036,1.04,1.049,1.035,1.04,1.04,1.038,1.028,1.031,1.021,1.013,1.026,1.003,1.003,1.015,1.02,1.016,0.999,0.993,-1769.01,-30144.93,-109.78,3833.01,1137.7,543.72,555.79,223,125.54,65.66,299.56,1204.55,2545.53,3629.06,4752.17,5892.39,6625.6,7011.41,7095.14,7333.3,7706.77,7999.71,8407.39,8811.03,9105.26,9506.83,9651.26,9938.98,9978.51,9977.34,10232.96,10308.14,10318.46,10472.99,10610.06,10678.36,10811.52,10905.18,11029.25,11216.37,11347.05,11303.53,11630.42,11726.08,11705.18,11676.85,11819.09,12049.57,12168.95A11,Sample X11,A,-6151.26,24533.56,-2516.08,-223.12,-120.18,-285.27,-55.96,281.06,-1.04,6.85,142.17,177.31,509.18,636.62,837.34,1056.56,1144.52,1089.87,1087.11,1055.8,1064.48,1071.92,1127,1164.81,1099.39,1174.95,1160.52,1169.4,1213.31,1125.74,1188.36,1235.5,1204.24,1286.35,1210.37,1151.74,1290.63,1223.08,1238.33,1330.51,1307.8,1308.75,1245.69,1228.93,1305.8,1302.79,1303.51,1271.09,1297.78,0.043,0.01,0.018,0.049,0.04,0.068,0.091,0.119,0.18,0.264,0.37,0.45,0.538,0.649,0.755,0.818,0.883,0.916,0.942,0.947,0.969,1.001,1.007,1.011,1.048,1.018,1.057,1.071,1.061,1.09,1.079,1.069,1.072,1.039,1.082,1.097,1.063,1.048,1.092,1.076,1.09,1.082,1.099,1.095,1.102,1.072,1.096,1.093,1.098,-2474.75,9822.71,-746.14,-1444.97,-296.37,48.53,32.16,32.95,100.54,106.02,70.8,88.11,232.87,347.31,411.46,526.95,556.03,565.98,552.38,553.88,560.26,543.39,592.39,612.17,572.31,616.82,584.28,602.95,609.64,603.32,621.12,633.8,641.91,680.58,640.08,618.73,667.94,682.52,671.64,672.55,668.3,669.39,658.04,640.15,689.45,708.57,685.78,691.57,683.03A12,Sample X12,A,-4892.79,19862.47,-2844.88,1251.01,630.12,140.58,456.17,388.37,138.46,142.27,211.7,240.75,446.08,489.06,504.44,608.1,691.06,631.72,686.02,629.94,654.03,654.6,666.67,659.76,746.42,668.38,680.98,701.84,704.45,770.24,752.55,791.91,771.97,761.43,820.01,833.35,806.83,781.27,899.83,922.87,965.18,947.09,996.49,993.73,1081.03,1076.61,1105.31,1123.25,1172.03,0.024,0.02,0.024,0.02,0.035,0.045,0.065,0.103,0.171,0.275,0.356,0.432,0.517,0.628,0.749,0.818,0.852,0.89,0.922,0.926,0.952,0.97,0.997,1.006,1.011,1.01,1.041,1.043,1.037,1.036,1.041,1.04,1.042,1.028,1.036,1.035,1.028,1.021,1.024,1.015,1.025,1.018,1.013,1.004,1.004,0.997,1.002,0.99,0.981,-1603.02,7542.15,-1502.47,-204.72,-251.44,334.88,482.61,214.12,150.76,87.02,124.82,121.48,225.33,252.45,250.62,269.1,351.4,339.1,346.32,350.02,367.57,346.61,348.1,351.49,347.59,375.79,356.64,398.35,369.65,371.98,389.26,407.33,420.2,418.26,421.41,447.32,450.83,434.38,502.33,473.91,489.81,480.34,518.81,532.91,571.06,584.09,577.36,586.71,600.55B01,Sample X13,A,-144.88,21374.91,-88.05,215.96,158.07,-93.95,308.04,241.17,78.95,242.76,706.37,1484.42,2314.54,3159.9,4016.1,4588.26,5064.21,5080.96,5293.51,5598.51,6115.87,6390.55,6925.83,7328.02,7415.21,8079.4,8059.76,8183.74,8340.81,8236.48,8407.64,8544.3,8634.64,9099.74,8794.67,8839.45,9080.96,9498.73,9122.27,9408.99,9415.77,9519.83,9632.04,9664.32,9737,9971.84,9965.97,10097.83,10244.18,0.016,0.019,0.018,0.041,0.047,0.069,0.101,0.144,0.222,0.31,0.413,0.467,0.565,0.675,0.773,0.838,0.878,0.915,0.936,0.944,0.968,1.008,1.011,1.022,1.053,1.014,1.061,1.064,1.064,1.087,1.077,1.072,1.075,1.036,1.075,1.08,1.064,1.03,1.073,1.051,1.061,1.046,1.05,1.046,1.053,1.03,1.042,1.036,1.032,11.44,8930.12,-185.53,-1209.58,-285.03,50.38,160.53,160.76,149.57,118.79,335.87,770.1,1159.12,1611.73,2061.51,2355.34,2608.12,2635.35,2763.56,2929.2,3130.96,3271.39,3598.89,3787.17,3884.8,4207.37,4137.45,4233.03,4303.54,4269.29,4357.72,4441.89,4459.81,4697.05,4565.28,4573.96,4718.06,4921.58,4784.18,4863.4,4892.95,4982.23,4983.19,5003.8,5049.93,5219.53,5180.55,5254.76,5305.28B02,Sample X14,A,-781.41,31979.81,-1129.72,1339.19,946.85,79.12,460.24,355.24,294.56,182.58,1366.29,3558.65,6608.14,9290.56,12431.6,15420.66,17451.68,18430.23,18642.56,19607.74,20412.25,21348.24,22056.27,23281.05,23783.55,25501.43,25025.04,25383.13,25854.12,26072.77,26435.22,26494.16,26875.97,28049.07,27413.67,27561.45,27988.25,29509.71,28785.94,29260.7,29322.65,30002.32,29801.45,30241.73,30272.22,31048.8,30796.3,31384.09,31688.63,0.014,0.006,0.016,0.026,0.032,0.051,0.073,0.112,0.179,0.269,0.371,0.447,0.525,0.629,0.748,0.824,0.883,0.918,0.954,0.964,0.99,1.017,1.047,1.047,1.077,1.045,1.094,1.107,1.107,1.105,1.112,1.115,1.108,1.069,1.103,1.098,1.088,1.043,1.075,1.071,1.077,1.064,1.083,1.074,1.083,1.066,1.077,1.07,1.069,166.95,16521.74,668.63,179.89,142.74,383.99,523.41,234.34,232.07,124.64,676.16,1777.74,3320.53,4804.98,6372.09,7908.3,8996.7,9524.85,9668.04,10151.58,10612.49,10976.68,11456.45,12124.6,12333.95,13256.58,13017.67,13160.34,13325.61,13567.46,13699.68,13796.83,13952.74,14580.65,14201.21,14324.19,14513.2,15361.4,14963.65,15179.95,15190.69,15563.12,15363.2,15644.07,15663.09,16188.41,16086.15,16289.34,16390.31B03,Sample X15,A,-922.34,95177.87,1082.89,598.34,1253.17,590.11,812.55,404.13,264.34,63.85,193.13,157.61,433.31,525.61,548.76,665.09,738.91,802.43,791.66,749.75,808.79,754.17,779.22,802.49,725.22,819.65,768.51,744.04,799.67,833.63,850.58,786.01,799.15,855.71,806.74,735.43,858.17,878.25,853.51,824.57,883.38,834.19,882.83,866.03,936.45,879.38,955.72,932.09,949.39,0.015,0.001,0.012,0.019,0.022,0.042,0.058,0.087,0.14,0.225,0.309,0.394,0.455,0.548,0.661,0.767,0.83,0.864,0.902,0.929,0.946,0.973,1,1.006,1.039,0.991,1.058,1.06,1.06,1.072,1.063,1.072,1.074,1.03,1.084,1.105,1.066,1.039,1.093,1.095,1.094,1.091,1.086,1.074,1.089,1.068,1.072,1.059,1.057,-327.25,39249.01,827.29,-226.11,874.43,577.7,504.33,137.32,260.86,177.59,108.71,54.61,203.01,236.4,264.22,309.38,377.55,418.07,424.43,408.67,407.87,398.24,395.8,401.46,401.98,453.91,387.76,406.35,389.66,388.07,421.7,409.34,444.84,462.89,436.28,408.19,459.98,463.36,444.85,403.1,433.94,418.74,446.16,467.64,465.23,472.82,513.91,484.68,497.19B04,Sample X16,A,-3749.23,-428913.04,-713.39,2348.44,1165.86,535.2,384.72,368.61,279.06,53.93,224.7,67.3,233.48,320.43,275.44,275.75,280.5,335.91,340.97,320.51,356.95,372.83,378.87,387.89,362.18,392.23,385.31,436.47,408.18,406.14,438.21,500.77,475.07,511.88,558.07,449.75,503.09,586.04,581.3,626.67,676.39,671.77,679.03,658.81,778.38,763.89,740.78,783.12,785.66,0.025,-0.0002,0.012,0.018,0.023,0.038,0.057,0.09,0.147,0.246,0.333,0.415,0.496,0.592,0.709,0.796,0.846,0.873,0.906,0.915,0.932,0.965,0.978,0.987,1.018,0.986,1.024,1.03,1.04,1.053,1.043,1.05,1.044,1.012,1.05,1.06,1.05,1.014,1.048,1.043,1.051,1.037,1.041,1.03,1.043,1.023,1.033,1.03,1.03,-1604.36,-168478.26,865.43,363.58,408.59,492.43,342.35,154.24,161.55,61.1,61.28,87.07,86.67,140.16,105.83,106.01,132.63,147.82,192.28,188.8,203.85,166.13,202.74,192.64,200.19,224.78,216.02,211.82,209.81,220.94,245.36,239.19,263.49,296.44,287.46,283.16,288.21,323.49,333.16,306.98,318.15,334.42,365.27,362.35,401.02,436.54,408.25,400.29,399.28B05,Sample X17,A,-1846.35,-52148.34,774.21,950.75,4080.95,585.41,622.12,502.49,181.53,149.3,228.4,25.76,133.65,174.83,116.7,73.95,92.95,141.18,139.87,121.86,188.65,139.2,203.7,192.98,173.82,185.8,210.66,220.65,223.25,228.11,254.44,293.63,270.87,268.46,323.85,287.09,290.88,303.89,340.59,413.04,401.29,394.54,405.15,414.39,513.31,485.57,489.91,496.46,518.83,0.015,-0.002,0.012,0.016,0.017,0.035,0.056,0.084,0.143,0.232,0.321,0.411,0.476,0.576,0.69,0.78,0.835,0.87,0.902,0.907,0.928,0.964,0.972,0.988,1.01,0.988,1.03,1.037,1.038,1.047,1.053,1.048,1.045,1.016,1.054,1.06,1.056,1.028,1.06,1.051,1.058,1.05,1.054,1.035,1.041,1.022,1.038,1.024,1.022,-209.67,-14654.73,452.21,-217.15,1583.33,577.42,578.6,208.38,137.03,103.33,77.99,42.65,65.63,72.03,40.43,1.08,40.7,69.97,85.76,77.16,93.51,77.88,111.71,105.27,97.43,123.03,118.67,106.6,116.45,133.16,137.71,122.35,158.5,157.27,172.55,159.43,154.71,181.59,202.57,177.49,198.78,188.5,204.79,224.9,264.7,288.2,269.93,278.27,273.51B06,Sample X18,A,-555.22,-71913.04,-481.99,327.79,790.91,818.37,761.09,16.46,167.13,131.96,219.06,288.17,854.08,1389.26,1870.23,2396.85,2813.92,3182.76,3320.88,3441.16,3652.67,3836.38,4184.17,4441.21,4630.89,4988.63,5030.26,5122.34,5292.24,5332.22,5403.28,5516.31,5508.98,5667.74,5604.13,5560.32,5692.87,6034.14,5769.62,5961.79,6006.54,6047.03,6089.59,6083.01,6188.74,6222,6247.87,6369.53,6369.12,0.012,-0.001,0.011,0.013,0.018,0.035,0.053,0.085,0.133,0.225,0.317,0.409,0.484,0.584,0.703,0.791,0.848,0.878,0.908,0.917,0.94,0.965,0.987,1.008,1.027,1.015,1.053,1.072,1.067,1.084,1.083,1.082,1.088,1.057,1.088,1.093,1.079,1.039,1.08,1.067,1.076,1.063,1.073,1.064,1.072,1.057,1.075,1.067,1.064,-642.57,-42478.26,-109.78,165.65,806.82,326.01,552.36,178.38,93.67,89.57,69.51,139.87,425.8,728.7,942.39,1231.77,1468.31,1631.1,1698.64,1792.14,1907.61,1997.4,2144.61,2286.76,2412.54,2587.89,2589.07,2632.58,2713.99,2726.35,2787.98,2839.41,2865.61,2937.4,2921.53,2907.9,2964.17,3124.53,3044.15,3073.39,3096.25,3156.29,3144.65,3190.44,3215.51,3286.64,3221.23,3246.08,3296.41B07,Sample X19,A,454.04,-19413.04,680.93,1745.78,2220.27,1367.88,574.17,159.62,120.61,144.18,210.03,349.53,1249.12,1937.05,2677.59,3489.23,4035.04,4317.3,4317.68,4399.25,4465.62,4645.79,4761.22,4926.29,5071.42,5371.54,5326.42,5280.42,5329.29,5323.75,5416.01,5402.83,5411.09,5660.94,5439.73,5398.69,5700.06,5767.56,5626.84,5740.99,5787.75,5854.53,5748.67,5839.55,5862.56,5997.83,5872.1,5906.49,6002.09,0.011,-0.002,0.01,0.014,0.018,0.033,0.054,0.087,0.14,0.231,0.325,0.411,0.49,0.594,0.713,0.8,0.853,0.894,0.929,0.937,0.962,0.995,1.019,1.032,1.056,1.029,1.07,1.088,1.09,1.094,1.097,1.105,1.107,1.071,1.11,1.118,1.082,1.054,1.1,1.088,1.093,1.082,1.095,1.08,1.097,1.078,1.093,1.087,1.085,-179.61,-13978.26,446.48,9.56,195.95,598.87,392.97,83.9,131.88,79.36,64.81,210.63,597.97,991.4,1380.45,1769.52,2111.26,2220.88,2219.1,2282.62,2350.63,2393.91,2481.6,2550.93,2596.84,2812.85,2725.65,2746.37,2794.99,2778.41,2795.48,2792.55,2847.45,2909.91,2815.62,2817.73,2979.76,3063.3,2918.55,2984.28,2964.36,3027.31,2986.95,3077.15,3006.49,3150.67,3053.96,3105.96,3099.6B08,Sample X20,A,938.37,-2713.04,527.33,3477.04,2435.29,903.26,296.16,284.55,161.08,139.7,146.48,202.02,658.75,1046.78,1311.74,1730.69,1985.34,2121.54,2081.67,2011.16,2002.76,2030.74,2020.95,2039.18,2002.09,2115.2,2016.14,2071.88,2074.59,2096.49,2098.33,2120.84,2066.06,2221.92,2118.11,2074.48,2253.63,2287.38,2211.48,2247.1,2282.12,2325.06,2319.02,2320.84,2463.32,2458.85,2516.72,2485.12,2520.7,0.01,-0.005,0.008,0.01,0.014,0.029,0.045,0.073,0.123,0.209,0.302,0.388,0.456,0.552,0.668,0.756,0.821,0.854,0.89,0.903,0.921,0.943,0.962,0.975,1.001,0.971,1.016,1.019,1.019,1.032,1.033,1.035,1.042,1.005,1.05,1.06,1.023,1.006,1.044,1.042,1.047,1.036,1.041,1.025,1.029,1.017,1.017,1.021,1.012,254.87,-278.26,570.88,765.57,1191.18,684.15,229.66,253.08,28.21,84.7,67.2,121.72,326.57,542.26,668.62,872.36,1002.19,1079.13,1078.4,1083.44,1057.72,1046.42,1046.59,1046.79,1045.34,1114.7,1060.43,1081.35,1089.02,1063.28,1077.99,1068.74,1087.83,1161.4,1095.07,1096.49,1185.44,1204.39,1177.71,1162.84,1167.97,1178.92,1209.73,1243.95,1281.01,1302.18,1309.7,1282.64,1324.81B09,Sample X21,A,8400.66,5461.96,-338.05,3031.5,4280.28,-105.03,509.52,251.07,150.23,3.51,152.99,200.33,588.42,695.6,860.84,1011.77,1081.02,1147.75,1087.71,1053.69,1152.36,1089.9,1092.32,1123.3,1095.21,1124.8,1148.82,1105.13,1175.35,1130.66,1168.65,1209.99,1182.72,1222.55,1276.49,1196.96,1191.28,1279.87,1262.01,1361.74,1347.58,1369.9,1341.24,1380.17,1412.99,1480.69,1403,1438.03,1470.41,0.005,-0.008,0.007,0.008,0.011,0.029,0.048,0.079,0.135,0.232,0.32,0.404,0.475,0.571,0.689,0.768,0.825,0.855,0.888,0.897,0.914,0.94,0.955,0.968,0.99,0.977,1.008,1.01,1.012,1.028,1.032,1.024,1.028,1.006,1.028,1.038,1.038,1.007,1.037,1.02,1.035,1.02,1.026,1.015,1.029,1.006,1.019,1.016,1.012,4455.47,2896.74,1564.47,414.32,2286.7,522.71,296.59,195.5,155.76,90.89,57.3,105.94,276.23,382.45,411.83,510.02,548.13,574.67,581.51,568.51,574.11,564,586.33,600.06,585.58,602.73,579.4,612.5,598.52,611.73,605,614.51,642.75,637.25,667.04,634.19,654.84,695.62,673.27,691.57,675.06,700.46,714.33,728.89,747.59,788.45,737.44,775.27,753.72B10,Sample X22,A,-4260.07,3549.64,4495.28,3186.14,2690.26,778.9,427.35,154.27,87.52,20.23,235.63,633.16,1201.96,1612.54,2096.46,2568.22,2832.62,2869.13,2915.69,3059.34,3146.44,3272.01,3384.44,3497.97,3523.52,3597.64,3609.07,3580.03,3651.99,3675.89,3735.41,3721.92,3743.8,3858.04,3795.6,3745.4,3776.15,3976.43,3875.29,4057.96,4049.58,4041.05,4108.41,4052.53,4153.27,4254.98,4252,4228.39,4212.35,0.025,-0.007,0.008,0.01,0.015,0.035,0.062,0.098,0.169,0.257,0.361,0.426,0.509,0.614,0.729,0.798,0.85,0.896,0.913,0.919,0.949,0.976,0.994,1.005,1.026,1.012,1.047,1.064,1.054,1.06,1.067,1.069,1.064,1.034,1.063,1.07,1.069,1.026,1.059,1.04,1.053,1.046,1.049,1.043,1.046,1.028,1.04,1.039,1.038,-1625.31,850.1,-143.87,1918.99,327.92,459.02,369.01,-23.14,131.77,100.18,131.12,370.77,613.26,864.75,1064.11,1290.42,1480.45,1488.26,1535.25,1580.84,1640.91,1679.03,1752.85,1806.46,1828.28,1930.75,1890.58,1885.22,1919.38,1918.66,1896.31,1909.31,1955.34,1999.1,1984.76,1960.02,1978.63,2091.08,2024.26,2103.94,2080.16,2098.88,2118.54,2141.93,2150.42,2207.89,2194.14,2181.65,2214.94B11,Sample X23,A,1223.51,35531.4,-954.72,-248.07,112.16,272.04,723.76,111.03,36.82,123.07,177.24,96.15,557.93,901.63,1321.68,1760.43,2162.34,2649.04,2757.01,2919.36,2998.9,2946.67,3073.53,3240.98,3156.18,3344.81,3336.66,3338.01,3426.2,3313.59,3493.29,3465.12,3482.04,3534.77,3549.58,3556.82,3698.6,3683.58,3752.43,3889.7,3865.46,3937.18,3931.54,3887.32,4033.96,4113.45,4056.74,4047.58,4136.64,0.012,0.004,0.01,0.019,0.022,0.038,0.057,0.085,0.133,0.214,0.3,0.37,0.429,0.502,0.595,0.697,0.792,0.84,0.888,0.886,0.908,0.944,0.957,0.967,1.002,0.985,1.025,1.035,1.034,1.063,1.047,1.05,1.052,1.029,1.053,1.055,1.029,1.022,1.031,1.019,1.029,1.016,1.021,1.016,1.022,0.998,1.011,1.007,1.005,851.68,15966.18,581.13,-538.06,457.21,45.06,247.4,48.36,156.6,94.25,72.46,98.9,275.59,478.73,632.11,890.39,1118.55,1336.31,1428.59,1509.42,1546.54,1554.1,1597.2,1655.88,1651.78,1748.8,1720.9,1731.04,1772.24,1715.61,1794.62,1786.09,1829.39,1856.9,1829.6,1859.92,1926.28,1930.54,1968.86,2002.71,1982.9,2005.46,2019.67,2058.17,2069.84,2151.58,2127.22,2154.36,2144.91B12,Sample X24,A,-2256,19163.88,-3680.03,1397.35,366.92,173.7,849.92,629.53,221.42,272.64,814.51,4344.87,10911.74,16590.79,23148.32,31521.56,39104.98,45136.59,45777.33,45688.18,45629.57,44929.17,43673.66,42070.09,41608.34,42063.82,40418.61,40217.11,39790.52,39901.78,39832.36,39007.06,38592.6,39916.58,39067.36,39331.96,38809.93,40456.26,39577.13,40796.52,40614.11,41086.35,41404.35,41814.34,41799.23,42180.7,42633.35,42972.52,43114.16,0.015,0.021,0.024,0.02,0.033,0.04,0.058,0.092,0.148,0.245,0.322,0.402,0.466,0.56,0.674,0.777,0.825,0.846,0.879,0.9,0.91,0.928,0.96,0.989,0.998,0.989,1.024,1.028,1.032,1.031,1.031,1.047,1.054,1.025,1.052,1.05,1.059,1.021,1.039,1.016,1.02,1.013,1.006,0.997,0.996,0.996,0.99,0.982,0.981,-1626.91,7339.05,-1151.65,-204.72,-420.69,322.58,471.44,165.35,210.3,99.24,389.87,2133.55,5454.95,8487.59,11855.13,16120.83,20300.85,23354.99,24025.81,23710.22,23831.71,23445.41,22730.58,21952.48,21675.64,21865.57,21058.46,20974.13,20686.04,20596.16,20632.14,20296.43,20147.99,20659.38,20309.35,20386.29,20193.48,21033.07,20726.28,21125.07,21145.5,21251.27,21384.63,21745.98,21757.11,21912.18,22087.82,22317.83,22361.61C01,Sample X25,A,-835.74,20494.54,-1167.09,372.41,369.35,-77.64,432.7,338.32,149.33,180.82,1075.77,2910.85,4031.1,5451.01,7121.8,8196.08,8372.28,8111.32,7954.05,7819.45,7818.85,7598.4,7512.38,7436.11,7255.12,7460.38,7173.47,7231.31,7143.19,6948.93,7176.61,7107.34,7098.6,7330.97,7211.2,7180.51,7545,7685.01,7439.43,7668.63,7594.36,7659.17,7662.73,7719.76,7697.75,7965.42,7897.06,7983.37,7997.38,0.014,0.021,0.019,0.044,0.05,0.073,0.097,0.139,0.223,0.317,0.433,0.495,0.602,0.716,0.812,0.865,0.891,0.914,0.935,0.948,0.966,0.992,1,1.011,1.038,1.005,1.05,1.052,1.057,1.078,1.061,1.064,1.067,1.036,1.063,1.064,1.03,1.009,1.044,1.029,1.037,1.03,1.038,1.027,1.037,1.018,1.027,1.02,1.019,390.29,9270.55,-596.19,-1182,-237.9,145.99,305.81,243.64,101.26,131.58,509.13,1445.68,2037.19,2804.7,3672.8,4214.66,4383.78,4202.13,4153.28,4080.14,4032.31,3925.52,3941.45,3871.9,3757.52,3883.52,3695.34,3724.24,3703.34,3599.65,3720.91,3678.59,3713.94,3820.36,3734.8,3755.77,3920.28,4017.87,3878.38,3942.63,3943.55,3960.5,3952.67,3999.61,4030.61,4159.43,4104.56,4138.73,4160.07C02,Sample X26,A,27937.2,9364.27,15034.76,17443.26,5965.87,1196.34,709.21,475.61,214.74,170.99,836.71,1709.41,2594.65,3195.07,3846.46,4957.63,5433.49,5456.19,5268.68,5176.3,5104.89,5015.76,4938.39,4897.45,4795.68,4847.87,4663.04,4706.09,4684.72,4710.74,4655.46,4668.62,4539.81,4773.72,4609.54,4578.57,4745.92,4842.08,4651.58,4723.84,4784.86,4843.48,4812.24,4839.44,4873.67,5018.8,4983.59,4995.52,5041.5,0.003,-0.012,0.004,0.003,0.013,0.029,0.057,0.095,0.164,0.259,0.359,0.421,0.511,0.613,0.727,0.783,0.834,0.848,0.881,0.893,0.911,0.933,0.947,0.959,0.978,0.959,0.994,0.998,1.004,1.007,1.009,1.011,1.022,0.995,1.025,1.031,1.009,0.991,1.034,1.023,1.027,1.011,1.015,1.001,1.009,0.985,0.997,0.997,0.998,12387.73,3496.53,5665.34,8971.75,3170.63,1002.16,504.84,224.11,243.11,132.4,380.17,901.33,1310.28,1625.97,1971.57,2563.54,2767.9,2826.86,2735.93,2729.72,2667.96,2620.13,2591.08,2544.02,2488.18,2543.36,2460.36,2452.74,2432.28,2384.54,2422.51,2402.53,2387.3,2476.75,2397.63,2375.92,2464.1,2500.28,2434.49,2412.51,2444.75,2499.59,2477.81,2525.42,2550.33,2639.85,2607.05,2599.61,2618.13C03,Sample X27,A,-1258.27,22115.33,-2337,-220.04,754.53,155.34,266.55,687.05,176.26,176.53,1321.11,7537.37,17243.52,27823.06,36654.27,45854.09,58071.76,72247.19,84090.93,96326.44,101470.46,107111.92,112365.18,118888.48,118988.46,130616.05,124687.98,127297.11,129373.02,130522.59,131728.02,134606.49,136527.49,145186.88,139171.45,138691.85,142129.3,153330.5,145867.23,149208.2,149349.17,152099.15,152266.15,156057.67,155135.54,159534.79,159030.63,162137.8,162818.11,0.014,0.014,0.016,0.033,0.035,0.053,0.067,0.096,0.147,0.237,0.327,0.413,0.469,0.54,0.635,0.749,0.836,0.868,0.916,0.937,0.954,0.969,0.984,0.979,1.013,0.957,1.026,1.027,1.036,1.042,1.049,1.044,1.044,1.005,1.059,1.073,1.057,0.996,1.052,1.036,1.043,1.028,1.035,1.015,1.026,1.009,1.018,1.005,1.007,1024.1,9571.38,-803.68,-1039.08,-276.91,341.73,255.91,173.51,263.42,141.19,580.79,3806.74,8664.04,14141.64,18751.91,23506.69,29944.3,37317.13,43815.79,50339.29,52648.01,55769.66,58465.45,61448.84,62131.2,67780.98,64846.05,66605.01,67037,67904.96,68685.6,70125.99,71185.94,75165.7,72228.27,72170.26,74248.72,79873.74,76109.35,77698.04,77799.97,79500.66,79171.05,80906.7,81035.85,83079.71,82744,84317.31,84660.05C04,Sample X28,A,-4859.79,-12622.72,2717.51,3378.72,922.97,649.36,435.19,773.67,291.81,174.24,452.65,1544.25,5092.67,8313.84,11343.45,15731.41,20751.11,26273.33,28878.92,29439.67,30065.02,29011.7,29060.74,28946.37,27976.46,28084.08,27222.99,26796.88,26601.12,25969.39,26026.63,26108.06,25848.84,26542.29,25603.92,25799.92,25979.58,26640.39,25634.85,26218.14,25942.93,26516.94,26500.89,26642.72,26431.86,27051.88,26949.33,27506.32,27465.1,0.034,-0.003,0.007,0.014,0.026,0.035,0.058,0.084,0.144,0.224,0.313,0.391,0.452,0.531,0.643,0.728,0.8,0.823,0.86,0.877,0.881,0.927,0.926,0.937,0.968,0.961,0.986,0.995,1.004,1.02,1.015,1.015,1.019,0.995,1.029,1.03,1.024,0.999,1.033,1.014,1.03,1.013,1.012,1.005,1.016,0.995,1.004,0.988,0.992,-1557.02,-10575.04,2675.58,225.83,180.5,607.7,590.09,278.47,157.33,122,168.23,782.4,2544.11,4218.32,5789.03,8106.56,10718.28,13543.07,14964.08,15276.84,15650.95,15080.51,15163.83,14959.46,14459.06,14591.03,14168.86,13878.78,13747.26,13442.72,13486.81,13476.77,13431.99,13724.2,13277.12,13307.65,13442.11,13819.87,13378.35,13638.61,13450.15,13762.63,13769.33,13842.3,13721.42,14139.81,13973.44,14344.28,14244.65C05,Sample X29,A,-3343.91,21342.77,-3042.85,-16,179.3,-293.26,525.97,508.39,295.42,197.04,203.51,633.04,1929.78,4521.85,7320.95,9959.52,13118.06,16841.24,21141.21,27394.21,33266.44,37206.57,40071.4,44202.96,47362.46,53304.87,54678.28,57853.92,60095.5,61542.38,64003.14,66742.58,68274.96,72023.02,71494.68,71084.86,74609.67,78029.29,76752.2,78878.93,77904.9,79536.6,79002.42,82322.7,83203.69,84908.45,84306.75,86010.08,86888.46,0.022,0.021,0.018,0.038,0.031,0.054,0.058,0.079,0.105,0.181,0.268,0.321,0.395,0.435,0.489,0.564,0.633,0.718,0.796,0.815,0.85,0.859,0.88,0.891,0.918,0.893,0.936,0.947,0.962,0.98,0.978,0.978,0.984,0.962,0.994,1.022,0.999,0.978,1.007,1.004,1.03,1.021,1.035,1.005,1.001,0.993,0.999,0.996,0.992,-940.19,8754.3,-984.97,-1228.47,-539.81,14.84,421.22,291.96,385.27,129.48,114.15,305.31,931.46,2286.46,3728.08,5095.77,6725.25,8598.43,10874.6,14165.92,17281.87,19178.97,20721.12,22804.96,24576.23,27567.9,28418.51,29871.97,31274.73,31795.8,33350.03,34551.07,35560.75,37446.33,37071.19,36896.74,38775.6,40569.56,39963.32,40735.83,40459.34,41444.19,41098.99,42717.75,43390.86,44204.31,43827.71,44501.41,45120.53C06,Sample X30,A,276.7,-21113.04,3650.04,5061.2,1299.06,445.43,612.57,338.91,56.05,97.19,376.05,1975.72,6297.35,10375.73,14001.15,18677.37,23742.27,31133.08,37614.48,40639.25,45058.63,47547.71,52332.59,55025.17,57010.3,60570.32,61475.7,62995.2,65561.02,66262.02,67555.9,68736.28,69308.72,71414.09,70336.13,71770.14,73201.05,76367.72,73909.6,75504.07,76601.98,78233.97,78939.43,79491.35,78966.73,81680.74,80941.44,82104.45,81283.51,0.012,-0.003,0.008,0.01,0.021,0.033,0.048,0.076,0.135,0.207,0.286,0.372,0.427,0.508,0.613,0.704,0.789,0.814,0.85,0.881,0.883,0.919,0.912,0.939,0.966,0.963,0.988,0.999,0.995,1.008,1.012,1.011,1.021,1.005,1.04,1.035,1.021,0.989,1.03,1.014,1.007,0.993,0.988,0.988,0.999,0.973,0.993,0.984,0.996,1193.59,-9878.26,1385.89,963.59,136.79,666.63,535.13,137.32,149.66,78.24,167.08,984.51,3145.49,5302.65,7152.76,9588.92,12169.74,16082.64,19345.69,21149.25,23183.58,24536.14,27146.54,28577.9,29778.86,31359.53,31971.77,32737.25,34009.9,34333.75,34925.96,35819.28,35987.07,37063.55,36343.12,37182.59,38128.77,39627.59,38277.15,39270.95,39963.73,40607.84,41026.16,41280.23,41142.84,42492.92,41944.56,42506.16,42377.31C07,Sample X31,A,-4862.43,46086.96,-1707.1,600.67,1161.38,219.41,556.04,415.04,2.85,221.01,229.06,315.53,1476.62,2798.01,4207.59,5976.43,8321.69,10652.6,11615.62,11880.2,11809.11,11832.85,11573.57,11783.31,11321.47,11671.08,11213.21,11106.6,11081.9,10838.69,10981.99,10940.36,10923.93,11222.93,10877.04,10724.99,11114.17,11361.15,10937.8,11301.75,11061.39,11309.52,11062.33,11366.64,11526.74,11817.03,11616.09,11818.22,11826.77,0.027,0.003,0.017,0.025,0.025,0.042,0.058,0.093,0.138,0.225,0.308,0.383,0.448,0.522,0.613,0.714,0.788,0.836,0.876,0.879,0.906,0.916,0.941,0.944,0.974,0.949,0.991,1.004,1.002,1.024,1.015,1.018,1.02,0.994,1.033,1.044,1.013,0.991,1.031,1.017,1.037,1.023,1.044,1.022,1.013,1,1.015,1.007,1.006,-1625.16,17146.74,-1709.34,-702.75,-123.98,236.44,462.67,231.33,117.15,67.31,103.93,172.41,748.99,1423.65,2184.82,3019.18,4265.83,5476.32,6066.96,6163.88,6156.69,6173.99,6008.32,6014.83,5903.09,6001.64,5809,5771.6,5717.9,5574.85,5660.83,5682.45,5652.56,5824.65,5609.7,5563.15,5808.53,5993.8,5725.31,5809.71,5732.87,5819.54,5733.47,5841.98,6017.39,6086.15,5987.7,6086.48,6118.05C08,Sample X32,A,-1370.84,25407.34,-1497.96,1274.74,-443.44,-256.9,235.62,220.05,8.67,70.16,211.98,442.39,1639.76,2728.43,3930.53,5671.83,7045.41,8316.24,8344.81,8200.37,8246.67,7898.67,7886.6,7760.84,7506.9,7769.67,7341.94,7337.14,7303.37,7296.1,7362.25,7341.9,7216.72,7418.62,7214.61,7178.29,7292.64,7577.01,7193.14,7402.45,7480.61,7575.66,7694.34,7728.34,7724.3,7859.87,7727.54,7843.14,8100.87,0.013,0.01,0.015,0.015,0.03,0.044,0.061,0.093,0.152,0.238,0.321,0.405,0.463,0.56,0.681,0.767,0.841,0.852,0.879,0.903,0.915,0.947,0.956,0.979,0.997,0.973,1.021,1.02,1.028,1.032,1.028,1.034,1.038,1.008,1.042,1.048,1.045,1.01,1.055,1.039,1.037,1.03,1.022,1.014,1.027,1.017,1.031,1.016,1.006,197.32,10211.06,-1059.41,-785.81,-176.23,47.44,151.58,139.59,125.04,64.75,111.85,230.62,815.09,1437.72,1984.32,2885.72,3630.47,4333.76,4356.31,4231.11,4262.32,4095.21,4104.72,4000.37,3923.91,4054.91,3835.51,3826.7,3803.83,3778.82,3793.46,3760.02,3781.03,3875.6,3771.45,3756.33,3766.54,3948.84,3771.76,3854.38,3877.38,3909.04,3954.88,3997.64,4005.69,4033.65,3976.93,4072.3,4164.16C09,Sample X33,A,-1853.32,70086.96,-1577.5,-1144.64,263.73,-164,165.34,80.7,228.83,-2.31,183.69,43.51,477.9,709,983.36,1257.34,1846.97,2575.07,2969.47,3099.55,3149.12,3030.27,3070.41,3100.2,2945.28,3130.63,2887.46,2844.88,2865.81,2804.03,2811.8,2803.4,2751.11,2949.67,2772.53,2730.74,2900.86,3032.89,2899.01,2960.57,2903.45,3059.5,2943.68,2987.69,3073.16,3306.51,3129.61,3143.58,3152.57,0.015,0.002,0.016,0.035,0.025,0.045,0.064,0.093,0.137,0.225,0.317,0.389,0.456,0.533,0.633,0.744,0.815,0.848,0.888,0.89,0.916,0.94,0.951,0.963,0.993,0.956,1.02,1.029,1.026,1.05,1.048,1.043,1.053,0.999,1.059,1.071,1.032,0.997,1.049,1.04,1.054,1.024,1.056,1.03,1.037,0.981,1.023,1.022,1.023,-1224.23,29188.41,-1310.01,-1238.82,-338.24,160.66,229.37,-11.02,11.58,-4.31,31.36,38.54,213.18,377.06,487.6,623.99,944.83,1327.93,1548.27,1626.72,1612.26,1582.1,1634.97,1604.46,1549.21,1633.45,1497.24,1467.09,1460.14,1424.34,1435.69,1461.24,1453.42,1536.14,1450.5,1422.76,1533.88,1595.49,1528.66,1527.44,1495.57,1555.21,1515.68,1571.42,1568.45,1749.3,1625.4,1676.79,1629.43C10,Sample X34,A,-3631.23,-3215.37,440.94,24395.13,2374.78,1082.18,607.1,519.01,248.72,106.05,589.4,3865.63,11292.82,18567.59,26094.57,36612.6,46819.92,57719.43,62498.67,68872.39,72370.58,74532.14,77212.06,78318.11,77801.78,78915.69,78703,79098.32,78584.32,78079.49,78809.01,78685.93,78898.75,79601.73,78997.1,78595.18,80023.94,80651.6,80794.38,81348.06,82865.53,83109.19,84868.93,85998.32,85788.89,85760.21,86611.44,89176.32,89639.66,0.027,-0.004,0.009,0.002,0.011,0.022,0.041,0.069,0.119,0.21,0.303,0.384,0.45,0.537,0.652,0.745,0.796,0.83,0.9,0.87,0.881,0.901,0.909,0.927,0.946,0.955,0.965,0.973,0.983,0.993,0.99,0.996,0.993,0.989,1.007,1.015,1.004,0.999,0.997,0.998,0.984,0.986,0.967,0.956,0.967,0.971,0.964,0.943,0.941,-2290.92,1405.46,-410.17,10977.09,1966.81,762.43,308.46,-12.73,191.04,100.92,263.98,1879.73,5693.37,9443.58,13330.39,18823.97,24119.06,29742.51,32460.5,35658.4,37450.47,38840.82,40009.01,40629.38,40570.33,41050.16,40992.35,40897.1,40806.35,40585.39,40795.77,40890.94,40968.43,41316.95,40935.98,40913.91,41627.79,41967.39,42082.67,42353.66,43174.46,43155.33,44133.25,44773.11,44543.63,44510.56,44864.32,46147.08,46517.4C11,Sample X35,A,-2625.57,-23324.81,-677.79,-786.69,1077.96,-160.97,133.21,106.59,-3.14,235.11,165.36,83.33,184.01,511.65,945.37,1632.18,2388.75,4088.83,5324.23,6169.51,7136.45,7807.63,8715.65,9480.66,9856.65,10918.99,10989.1,11420.03,11946.93,11939.05,12161.07,12578.44,12495.4,13312.16,12845.41,12635.33,13375.7,13595.01,13171.01,13450.14,13105.15,13535.56,13114.29,13268.87,13296.96,13896.45,13548.23,13451.72,13616.07,0.015,-0.002,0.007,0.033,0.021,0.046,0.06,0.082,0.12,0.172,0.266,0.335,0.405,0.465,0.558,0.648,0.771,0.819,0.88,0.891,0.91,0.944,0.947,0.957,0.995,0.964,1.011,1.024,1.018,1.048,1.048,1.037,1.056,1.012,1.067,1.082,1.043,1.031,1.071,1.058,1.093,1.064,1.098,1.086,1.099,1.06,1.085,1.095,1.097,-1443.44,-11125.32,1442.67,-1538.06,-138.63,-198.57,81.48,15.91,209.99,116.27,80.04,27.4,128.21,274.43,451.85,767.92,1217.52,2113.6,2805.28,3180.68,3684.38,3998.41,4521.54,4939.39,5141.3,5674.83,5725.92,5920.08,6145.58,6152.27,6333.59,6548.46,6510.32,6845.26,6688.25,6600.58,6967.61,7097.69,6841.1,6992.15,6797.88,7006.98,6783.7,6936.92,6893.51,7220.63,7040.65,7043,7042.74C12,Sample X36,A,-4425.28,19398.64,-2706.59,145.78,670.85,145.81,368.16,25.73,207.59,60.51,228.29,518.31,2083.47,4041.25,6708.09,10691.13,15101.02,19056.79,20252.04,21506.58,21620.55,21709.88,21328.89,21273.99,21319.74,21302.37,20399.97,20628.61,20485.02,20596.23,20594.73,20271.31,20289.36,20738.88,20507.91,20628.15,20421.97,21101.78,20744.77,21104.64,21316.64,21568.17,21744.83,22057.94,22103.16,22259.55,22180.1,22542.62,22654.54,0.021,0.015,0.019,0.017,0.028,0.038,0.052,0.089,0.145,0.253,0.322,0.403,0.476,0.578,0.692,0.783,0.824,0.858,0.89,0.898,0.925,0.946,0.972,0.981,0.994,0.993,1.046,1.035,1.036,1.034,1.033,1.05,1.053,1.03,1.049,1.048,1.052,1.023,1.044,1.038,1.024,1.02,1.008,0.993,1,0.999,1.002,0.986,0.982,-1748.42,8339.92,-1521.54,-833.3,-371.91,258.22,164.93,117.76,201.64,54.95,151.04,251.35,1038.43,2032,3438.75,5439.16,7803.86,9822.08,10585.03,11188.77,11228.22,11177.54,11131.3,11103.57,11042.71,11117.38,10502.68,10627.46,10630.96,10700.76,10678.89,10505.78,10494.69,10703.56,10619.85,10697.5,10657.14,10958.14,10769.86,10888.16,11130.76,11181.44,11288.09,11498.35,11464.41,11505.76,11443.5,11717.49,11780.09D01,Sample X37,A,8042.61,22450.59,4136.59,-278.75,379.38,24.05,794.58,629.83,261.42,176.33,798.1,3217.36,7346.13,12193.12,17532.92,22787.58,29651.79,37845.27,43172.83,47091.82,51077.8,53477.5,57023.55,60412.23,63700.11,70320.81,71094.62,75156.63,79190.79,80205.58,85451.43,88326.99,92008.94,96941.44,98381.25,99702.09,107242.83,111033.5,109834.48,112469.56,114240.36,117823.41,114929.09,119132.7,118517.54,122967.89,122483.15,124130.09,126175.71,0.007,0.014,0.009,0.036,0.035,0.055,0.069,0.102,0.164,0.263,0.337,0.393,0.45,0.503,0.569,0.639,0.726,0.778,0.827,0.829,0.838,0.863,0.865,0.875,0.898,0.865,0.906,0.903,0.892,0.908,0.887,0.886,0.88,0.856,0.876,0.883,0.851,0.844,0.871,0.869,0.868,0.861,0.874,0.852,0.862,0.845,0.85,0.844,0.837,4719.75,9738.52,2089.83,-819.68,-83.33,354.68,627.94,305.72,211.34,134.14,375.45,1625.17,3684.43,6206.89,8962.48,11764.98,15220.28,19433.09,22399.7,24359.7,26368.56,27525.6,29530.84,31401.49,32863.05,36415.13,36770.79,38863.58,41026.71,41607.67,44384.25,45907.82,47683.36,50494.08,50726.11,52022.54,55442.81,57515.78,56776.22,58295.93,59148.12,61108.43,59829.61,61851.8,61749.8,63797.83,63619.35,64726.57,65564.74D02,Sample X38,A,-2184.01,33586.96,-569.53,828.11,495.45,280.14,594.51,454.87,191.26,81.5,2487.51,6976.58,12587.62,17447.33,21984.31,26144.65,27346.92,27783.86,26256.71,26508.66,27052.84,27355.1,27741.75,28347.69,28446.26,30282.02,28622.86,29256.78,29175.8,28958.36,29213.62,29412,29369.15,30582.25,28991.17,29043.02,30101.72,30725.98,29983.47,30624.35,30616.34,31032.45,30854.8,31026.62,30776.59,31424.06,30925.9,31567.09,31574.42,0.016,0.006,0.013,0.024,0.027,0.049,0.067,0.102,0.162,0.264,0.357,0.434,0.521,0.596,0.718,0.797,0.856,0.88,0.919,0.927,0.946,0.967,0.993,1.005,1.032,0.991,1.058,1.051,1.065,1.071,1.07,1.07,1.072,1.029,1.08,1.083,1.056,1.032,1.062,1.046,1.048,1.039,1.045,1.038,1.054,1.031,1.048,1.039,1.045,-460.75,15021.74,-278.13,-382.69,68.18,287.97,382.43,159.49,130.63,18.26,1172.94,3493.96,6351.27,8917.35,11298.01,13399.22,14212.93,14396.27,13753.17,13790.8,13965.02,14126.04,14300.25,14725.33,14799.47,15669.77,14938.01,15134.86,15100.92,15021.35,15131.36,15163.17,15209.58,15911.6,15062.76,15072.01,15573.2,15982.53,15482.49,15838.96,15810.9,16069.82,15864.84,16089.09,15933.42,16323.47,16068.2,16327.57,16447.45D03,Sample X39,A,-1120.04,27557.54,131.81,323.16,967.54,144.06,369.36,528,102.96,36.42,216.01,420.94,1324.96,1834.51,2179.34,2891.48,3195.83,3319.01,3159.39,3162.51,3146.04,3029.27,3093.21,3082.05,2988.95,3166.22,2979.11,3010.23,3004.81,2969.18,3004.82,2999.34,2958.72,3158.23,3039.96,2924.99,2994.8,3160.83,3073.98,3157.49,3200.49,3220,3219.27,3258.13,3283.6,3320.41,3348.5,3459.43,3455.11,0.013,0.007,0.014,0.024,0.028,0.047,0.064,0.097,0.152,0.248,0.34,0.426,0.492,0.571,0.698,0.781,0.844,0.874,0.922,0.923,0.938,0.978,0.98,0.996,1.018,0.985,1.041,1.04,1.051,1.063,1.058,1.056,1.062,1.027,1.067,1.086,1.073,1.032,1.079,1.062,1.071,1.064,1.059,1.044,1.055,1.039,1.05,1.036,1.034,-1012.94,11962.92,-323.83,-996.39,-171.05,238.49,284.33,85.23,159.31,78.03,111.18,205.92,663.15,914.3,1087.96,1471.89,1648.35,1710.29,1624.22,1632.74,1674.79,1572.78,1605.8,1583.15,1552.32,1651.9,1530.66,1547.92,1532.41,1540.55,1536.81,1570.59,1570.48,1629.36,1573.67,1534.74,1562.85,1684.89,1599.67,1647.89,1643.93,1647.75,1676.86,1724.96,1720.84,1759.62,1749.01,1788.85,1823.32D04,Sample X40,A,-2029.86,39646.28,2774.69,3905.28,2474.71,1121.48,1664.03,1067.94,582.39,401.58,376.96,548.34,1432.66,2182.81,2703.07,3439.75,3801.09,4046.34,4008.19,4003.96,4060.22,3995.67,4027.73,4024.22,3929.38,4138.39,3976.76,3961.47,3952.72,3918.43,4013.91,4029.84,4016.73,4203.9,3966.25,3945.78,4086.68,4204.64,4065.5,4075.88,4030.88,4221.14,4197.74,4224.68,4250,4347.73,4333.42,4306.09,4222.27,0.028,0.006,0.014,0.021,0.026,0.041,0.057,0.08,0.124,0.209,0.308,0.384,0.458,0.526,0.637,0.741,0.82,0.855,0.902,0.911,0.928,0.961,0.976,0.998,1.025,0.996,1.045,1.058,1.076,1.083,1.072,1.075,1.079,1.042,1.086,1.105,1.08,1.056,1.099,1.096,1.114,1.082,1.087,1.07,1.081,1.065,1.074,1.068,1.083,-1330.98,17369.2,1687.01,610.81,1101.71,820.38,701.18,446.42,444.93,213.18,151.97,307.01,677.26,1102.27,1378.6,1716.71,1950.36,2072.52,2055.39,2083.42,2129.01,2092.55,2110.78,2092.16,2056.13,2160.73,2060.37,2053.96,2037.37,2028.78,2067.88,2069.67,2096.88,2162.67,2094.12,2067.25,2128.07,2165.5,2100.66,2114.5,2092.09,2145.48,2156.97,2221.96,2210.08,2244.76,2246.88,2255,2211.67D05,Sample X41,A,137.57,95086.96,-754.72,573.87,2092.01,233.71,483.43,310.59,309.32,79.29,273.17,977.85,2388.03,3268.54,3747.49,4333.92,4336.5,4497.77,4616.43,4818.45,5640.18,6201.85,6965.04,7448.75,7885.04,8666.02,8702.55,9039.9,9128.13,9307.29,9640.56,9876.58,9934.96,10388.3,10080.17,10259.92,10750.77,11150.33,10955.07,11226.43,11275.01,11380.64,11369.35,11401.11,11594.98,12017.47,11929.87,12066.73,12187.91,0.013,0.001,0.011,0.018,0.017,0.037,0.053,0.079,0.126,0.214,0.311,0.401,0.472,0.559,0.685,0.775,0.846,0.883,0.918,0.934,0.946,0.975,0.97,0.996,1.015,0.985,1.026,1.03,1.043,1.051,1.042,1.045,1.048,1.018,1.065,1.071,1.031,1.011,1.043,1.03,1.036,1.026,1.036,1.037,1.03,1.01,1.02,1.009,1.009,-95.31,50521.74,283.02,-848.79,971.89,532.76,195.94,218.6,147.81,60.56,122.99,516.05,1198.64,1659.61,1916.6,2227.36,2267.56,2307.51,2364.43,2506.42,2911.24,3197.36,3624.87,3893.07,4105.5,4480.95,4459.83,4662.64,4730.21,4806.27,5002.47,5079.88,5203.58,5426.4,5295.37,5317.52,5626.28,5773.91,5669.99,5792.22,5801.26,5908.21,5919.29,5911.53,6024.9,6201.65,6160.69,6276.08,6332.04D06,Sample X42,A,-561.63,-198913.04,-634.72,898.63,1835.71,548.7,162.84,383.31,124.44,15.65,3099.35,8377.99,12819.17,17510.67,22174.36,25977.38,26093.55,25888.4,24181.45,24014.89,24069.55,23578.83,23515.36,23527.22,23217.86,23735.81,22748.47,22588.32,22595.74,22049.09,22379.72,22573.9,22269.78,23046.55,21462.12,22125.43,22563.94,23362.81,22622.96,23078.22,22936.49,23377.39,23037.06,22899.5,23180.57,23503.14,23372.35,23716.77,24048.32,0.013,-0.0004,0.013,0.014,0.017,0.038,0.069,0.091,0.148,0.256,0.346,0.421,0.519,0.586,0.698,0.779,0.84,0.862,0.901,0.91,0.923,0.952,0.967,0.984,0.999,0.983,1.024,1.035,1.036,1.054,1.045,1.043,1.05,1.017,1.092,1.063,1.05,1.019,1.052,1.032,1.041,1.022,1.035,1.041,1.032,1.034,1.031,1.023,1.019,-514.37,-73478.26,-138.87,-456.47,21.43,355.06,167.68,62.55,138.48,39.91,1482.13,4205.94,6510.84,8944.49,11422.89,13401.36,13545.97,13412.61,12563.57,12472.65,12534.42,12273.65,12146.25,12166.93,12068.53,12296.46,11857.09,11686.6,11675.67,11471.78,11626.03,11632.54,11557.36,11886.09,11094.06,11470.56,11674.21,12055.45,11699.35,11945.79,11960.64,12135.82,12007.94,11901.94,12083.79,12094.92,12119.81,12373.97,12362.56D07,Sample X43,A,-2818.04,-59913.04,-95.8,1134.94,1425.94,6.04,294.6,351.92,-8.04,8.65,1181.67,4116.08,9198.33,12699.61,16095.53,19387.73,19720.21,20576.56,20524.09,21789.8,23574.57,25625.32,27719.72,29571.47,29401.82,32948.93,32925.33,33289.55,33843.22,34529.45,34867.35,35213.59,35283,36866.91,35660.56,35742.91,37149.37,38521.1,37439.77,37500.54,37419.08,38272.03,37856.58,38527.72,38958.64,39118.75,39254.06,39434.4,39641.16,0.019,-0.001,0.013,0.014,0.019,0.037,0.054,0.087,0.14,0.241,0.332,0.41,0.483,0.571,0.686,0.762,0.839,0.858,0.899,0.909,0.932,0.947,0.964,0.974,1.035,0.97,1.011,1.022,1.026,1.029,1.03,1.035,1.04,1.011,1.052,1.066,1.027,1.006,1.041,1.038,1.038,1.027,1.037,1.023,1.017,1.015,1.014,1.021,1.017,-1616.93,-31478.26,-150.65,-135.76,549.47,12.34,106.26,208.71,167.17,47.93,571.24,2075.73,4679.7,6517.58,8329.5,10053.28,10247.86,10707.97,10596.62,11235.25,12250.75,13326.72,14269.45,15352.78,15388.65,17146.08,16958.57,17269.36,17584.28,17871.15,18068.33,18226.02,18402.56,19078.24,18578,18482.85,19273.97,19965.19,19340.42,19457.85,19439.3,19781.13,19694.58,20029.63,20235.18,20275.53,20301.03,20405.25,20601.07D08,Sample X44,A,1817.76,-4190.82,-582.3,650.54,744.12,-179.27,768.24,117.1,-7.96,59.57,1592.33,6937.92,15427.42,21758.62,28175.59,34836.35,36190.19,36295.88,35055.58,35598.05,36977.41,38339.58,40198.45,41032.41,41228.75,44278.55,42650.89,43487.43,42896.66,43225.45,43889.82,43797.11,43365.46,44967.63,43600.89,43437,44921.88,45943.27,44271.09,45443.92,44744.79,45944.95,45462.23,46099.38,45945.94,47105.66,46454.96,47340.2,46579.98,0.01,-0.004,0.009,0.013,0.014,0.033,0.047,0.081,0.132,0.233,0.323,0.406,0.47,0.56,0.67,0.76,0.822,0.849,0.89,0.903,0.92,0.944,0.958,0.979,1.014,0.971,1.026,1.023,1.039,1.04,1.035,1.042,1.05,1.015,1.056,1.064,1.037,1.019,1.052,1.037,1.047,1.027,1.033,1.023,1.033,1.013,1.026,1.014,1.035,101.77,-2367.15,429.41,-141.23,455.88,393.31,194.07,8.52,43.72,15.35,695.24,3419.27,7803.71,11108.01,14420.31,18007.37,18747.17,19012.1,18315.55,18442.14,19279.14,19827.84,20750.13,21319.23,21371.07,22923.72,22131.37,22577.16,22324.34,22443.27,22794.48,22672.43,22581.52,23359.95,22535.74,22536.5,23179.59,23784.25,23033.93,23434.47,23208.65,23759.11,23698.7,23883.08,23725.07,24353.09,24113.57,24523.83,24188.33D09,Sample X45,A,5067.33,2209.41,-1532.49,-7.72,2788.71,491.99,171.63,116.35,51.43,39.73,418.19,727.03,1686.38,2509.69,2785.05,3221.91,3252.4,3512.3,3625.13,3786.05,4200.24,4517.17,4984.49,5411.24,5693.44,6080.2,6183.23,6178.67,6559.53,6774.28,6822.68,6990.52,6992.49,7334.89,7308.97,7474.42,7573.16,8032.97,7912.92,8231.6,8252.92,8287.59,8473.33,8480.13,8552.9,8913.35,8753.91,8853.94,8954.25,0.007,-0.005,0.009,0.01,0.012,0.031,0.045,0.076,0.125,0.221,0.307,0.396,0.472,0.547,0.674,0.771,0.872,0.9,0.939,0.945,0.948,0.974,0.978,0.99,1.002,0.994,1.023,1.053,1.027,1.03,1.037,1.028,1.042,1.009,1.041,1.039,1.039,0.998,1.029,1.02,1.028,1.03,1.026,1.026,1.041,1.016,1.035,1.026,1.025,2347.63,195.21,-907.76,442.33,750,265.36,400.58,138.01,86.45,105.41,182.21,370.97,826.58,1260.46,1419.65,1630.43,1696.51,1788.98,1854.45,1975.67,2200.62,2338.68,2592.43,2788.03,2965.25,3151.9,3189.83,3214.79,3405.82,3451.85,3520.47,3622.26,3666.31,3811.66,3818.88,3879.71,3953.03,4166.56,4119.87,4214.7,4279.45,4287.86,4392.49,4426.73,4428.6,4618.61,4516.06,4611.4,4626.78D10,Sample X46,A,-1991.5,4445.17,-140.68,1807.01,1227.31,-45.58,192.79,245.65,-88.08,-4.85,391.84,5257.31,13176.96,23677.62,30831.98,37672.64,47465.06,57039.33,62402.36,65059.72,64413.91,66334.29,70794.02,75930.29,79256.99,85834.2,88685.66,92721.02,96260.27,97956.96,101257.56,103681.1,105390.67,108179.26,106452.06,107151.46,109988.57,112225.86,112579.89,114959.9,114380.93,116604.63,115435.74,118430.82,117820.57,121160.31,121903.14,122059.36,122907.51,0.015,-0.007,0.006,0.01,0.012,0.029,0.042,0.063,0.108,0.192,0.285,0.36,0.42,0.48,0.572,0.669,0.769,0.816,0.855,0.868,0.906,0.926,0.939,0.958,0.988,0.985,1.019,1.024,1.034,1.05,1.049,1.049,1.056,1.043,1.075,1.079,1.061,1.045,1.055,1.043,1.05,1.038,1.053,1.038,1.048,1.031,1.03,1.031,1.03,-838.65,999.35,1717.97,1366.7,1023.11,19.47,-16.76,8.46,146.83,-34.17,115.32,2610.33,6575.74,11960.19,15682.18,19410.78,24561.79,29316.23,32355.83,33734.91,33315.66,34563.47,36742.97,39146.74,41248.06,44534.83,45799.87,48278.86,49683.17,50672.22,52595.23,53908.13,54555.33,55870.12,55325.55,55959.13,57203.39,58619.88,58218.43,59607.76,59535.01,60672.68,59954.09,61292.62,61037.34,63007.26,63438.91,63591,64010.67D11,Sample X47,A,1204.82,11862.82,-4349.76,4698.16,7950,690.56,421.95,391.11,-95.11,74.79,273.64,1573.83,4927.85,8489.01,11029.75,14783.42,16605.27,17062.87,16405.49,16220.2,15882.05,15762.24,16219.9,16569.61,16592.42,17066.11,16863.37,16991.44,17134.35,16884.61,17227.18,17354.66,17197.06,17515.2,17311.16,17247.5,17522.8,17798.83,17585.86,17938.27,17868.54,18137.28,17931.95,18241.07,18070.35,18718.26,18639.12,18559.79,18845.38,0.008,-0.012,0.012,0.003,0.006,0.023,0.039,0.061,0.106,0.18,0.27,0.351,0.411,0.48,0.583,0.679,0.781,0.818,0.871,0.879,0.912,0.945,0.952,0.963,0.991,0.986,1.018,1.027,1.03,1.057,1.045,1.045,1.052,1.031,1.058,1.071,1.055,1.04,1.061,1.053,1.055,1.046,1.054,1.041,1.048,1.022,1.029,1.03,1.027,240.96,5401.05,-1118.04,8795.28,4613.64,85.28,364.65,-11.95,165.76,77.08,71.42,808.34,2418.27,4290.71,5585.94,7561.89,8495.65,8913.92,8509.54,8510.52,8250.93,8196.67,8376.7,8598.33,8562.09,8869.1,8784.12,8813.62,8860.57,8752.8,8860.76,8932,8925.4,9136.93,9003.06,8913.18,9107.15,9285.69,9145.91,9304.38,9303.92,9307.69,9276.98,9417.85,9391.08,9693.96,9706.71,9681.94,9758.91D12,Sample X48,A,-3178.93,19694.55,-2195.39,368.66,858.01,-492.41,294.51,-44.3,-106.27,89.65,163.23,47.84,200.2,292.8,258.2,209.48,283.21,379.73,418.73,430.58,484.2,520.09,508.33,553.45,578.54,541.8,539.84,582.3,605.98,602.29,633.75,609.7,582.43,635.02,660.03,674.02,602.22,597.53,672.44,694.78,793.7,728.71,774.4,755.54,888.35,824.98,853.52,885.74,941.35,0.016,0.016,0.018,0.026,0.034,0.049,0.061,0.096,0.148,0.24,0.306,0.394,0.451,0.536,0.649,0.742,0.801,0.842,0.887,0.911,0.939,0.972,0.989,1.002,1.013,1.013,1.058,1.048,1.056,1.074,1.065,1.072,1.073,1.051,1.066,1.075,1.083,1.052,1.072,1.064,1.059,1.051,1.041,1.029,1.033,1.029,1.032,1.019,1.011,-1429.32,8293.89,-1210.96,-787.1,-592.73,75.26,221.41,36.76,138.19,74.05,101.94,39.08,100.27,149.96,107.17,100.84,142.89,203.96,240.9,242.39,268.15,252.47,271.19,298.01,299.68,307.39,271.53,316.69,302.88,291.94,305.24,298.33,302.06,321.87,328.86,335.89,308.86,329.47,373.88,352.01,389.28,384.13,422.58,423.41,470.45,454.9,484.56,470.83,480.33E01,Sample X49,A,-1330.86,19178.44,-177.79,-559.57,-559.93,-432.65,121.18,55.68,93.18,57.39,299.82,402.98,892.63,1117.45,1193.03,1507.89,1715.25,1903.57,2082.98,2439.6,2989.73,3468.93,4182.93,4739.39,5159.28,5924.13,5945.61,6327,6513.27,6500.11,6919.71,7007.78,7136.58,7703.63,7399.65,7462.25,7809.98,8090.3,7836.9,7979.68,8207.17,8332.63,8249.03,8456.92,8485.63,8713.02,8633.91,8865.43,8935.74,0.013,0.032,0.016,0.058,0.06,0.081,0.095,0.131,0.194,0.297,0.384,0.469,0.547,0.643,0.78,0.858,0.911,0.935,0.973,0.974,0.995,1.03,1.026,1.048,1.072,1.027,1.092,1.09,1.094,1.121,1.1,1.11,1.1,1.061,1.109,1.122,1.079,1.061,1.099,1.087,1.085,1.071,1.079,1.065,1.076,1.055,1.07,1.052,1.053,-129.75,7499.66,-134.25,-1465.89,-756.62,6.81,175.8,16.51,88.33,99.15,127.88,188.72,422.05,566.48,615.19,736.7,867.37,973.72,1080.5,1276.49,1551.64,1787.68,2177.53,2408.46,2694.97,3094.7,3061.2,3275.78,3348.01,3392.75,3562.43,3613.73,3778.03,3961.54,3811.05,3816.4,4052.77,4175.34,4049.63,4151.56,4219.69,4286.13,4292.25,4396.03,4394.01,4546.86,4448.08,4590.03,4589.38E02,Sample X50,A,51537.92,8459.84,32881.65,7198.16,4540.91,1766.63,71.59,290.09,317.32,95.12,496.96,1366.22,3170.4,4530.14,5544.54,6914.06,7418.23,7843.36,7611.14,8072.45,8765.1,9458,10272.1,10893.96,11440.1,12268.92,12274.65,12709.83,12946.78,13170.93,13246.26,12645.89,13404.31,13656.57,13205.16,13499.82,14015.84,14368.52,14066.58,14161.79,14382.45,14604.94,14549.49,14444.68,13960.18,14990.62,14903.83,14959.52,15116.46,0.002,-0.012,0.002,0.006,0.013,0.028,0.081,0.103,0.139,0.241,0.328,0.404,0.493,0.565,0.691,0.77,0.827,0.842,0.889,0.901,0.919,0.944,0.958,0.979,1.002,0.982,1.031,1.029,1.031,1.031,1.043,1.092,1.052,1.03,1.072,1.06,1.029,1.014,1.039,1.035,1.031,1.023,1.028,1.025,1.069,1.01,1.02,1.026,1.02,21318.21,2877.67,13344.77,4461.94,1583.33,283.95,28,135.79,100.98,93.16,239.2,630.76,1546.24,2326.2,2859.9,3542.89,3817.71,4064.13,3971.98,4212.06,4537.05,4846.83,5320,5671.23,5913.54,6374.12,6347.04,6612.42,6685.02,6845.1,6829.26,6566.8,6950.1,7114.22,6817.14,7001.63,7308.97,7435.55,7291.6,7353.53,7386.17,7503.53,7473.39,7539.57,7268.21,7802.89,7779.41,7705.54,7775.77E03,Sample X51,A,-1365.17,18504.18,-2056.09,-565.7,-64.84,-562.12,46,399.45,305.32,193.44,309.07,798.6,2362.97,3875.05,4974.73,6345.01,7875.09,8724.38,8930.45,8935.49,8787.06,8464.01,9154.31,9173.09,9203.7,10141.12,9437.51,9734.46,9866.51,9843.8,9741.14,9820.27,10199.58,10698.01,10122.86,10079.79,10517.25,10981.38,10285,10659.75,10479.5,10261.64,10615.91,10849.27,10806.18,11352.08,11088.87,11340.95,11182.59,0.014,0.03,0.022,0.05,0.054,0.069,0.112,0.102,0.143,0.243,0.333,0.416,0.484,0.557,0.654,0.764,0.841,0.895,0.92,0.921,0.959,1.014,0.982,1.025,1.045,0.989,1.079,1.072,1.076,1.087,1.108,1.111,1.084,1.038,1.106,1.114,1.083,1.041,1.114,1.097,1.118,1.139,1.105,1.082,1.097,1.059,1.077,1.063,1.079,268.7,7912.47,-1238.05,-1423.16,-803.8,-24.99,102.46,190.57,237.6,82.13,148.53,421.42,1184.38,2002.55,2530.31,3216.86,4118.32,4537.76,4676.62,4703.97,4573.84,4433.12,4754.7,4703.3,4811.29,5273.99,4908.29,5032.77,5080.21,5133.21,5061.58,5037.73,5280.54,5569.44,5238.58,5246.77,5431.6,5741.95,5363.97,5461.49,5417.94,5323.98,5490.81,5680.55,5622.73,5868.96,5765.94,5893.48,5763.65E04,Sample X52,A,5155.97,-105341.61,5045.28,836.37,209.26,1022.73,303.96,409.83,86.35,142.77,225.45,201.9,883.87,1521.72,2143.19,3111.37,3964,4452.86,4272.25,4246.59,4183.59,4127.63,3981.1,3828.96,3999.04,4055.79,3861.89,3809.33,3811.25,3904.9,3763.07,3891.18,3838.16,4044.81,3795.46,3923.34,3925.39,4131.26,3863.16,4048.14,4099.87,3933.1,4216.69,4155.74,4204.94,4282.45,4182.45,4286.4,4187.28,0.007,-0.0007,0.008,0.016,0.027,0.036,0.069,0.077,0.133,0.212,0.3,0.385,0.45,0.525,0.652,0.747,0.824,0.848,0.884,0.898,0.922,0.943,0.962,1.011,0.993,0.977,1.024,1.035,1.048,1.032,1.056,1.052,1.054,1.013,1.069,1.053,1.045,1.008,1.066,1.042,1.047,1.069,1.038,1.027,1.045,1.024,1.046,1.031,1.05,2462.45,-62049.69,2714.47,478.2,212.96,419.02,209.47,321.6,207.14,135.18,114.94,115.47,446.78,795.63,1069.53,1564.17,2046.64,2294.02,2265.62,2214.51,2177.9,2105.47,2075.55,1980.83,2073.11,2114.81,2021.74,1999.04,1944.46,1993.15,1962.88,1978.95,1980.7,2099.87,1971.77,2036.27,2054.25,2153.97,2037.12,2108.4,2123.1,2009.03,2135.23,2156.81,2172.55,2242.61,2160.21,2253.24,2169.32E05,Sample X53,A,-3732.12,20611.84,-1052.34,-796.79,-200.13,-679.46,7.77,234.58,250.78,84.77,183.35,60.11,398.53,592.72,682.22,735.76,828.63,845.46,958.41,987.12,972.01,1063.04,1092.46,1043.4,1085.74,1241.92,1168.73,1197.48,1164.65,1135.27,1241.45,1222.6,1139.86,1361.97,1251.62,1163.92,1284.31,1345.16,1243.4,1392.38,1283.06,1370.54,1340.94,1280.59,1396.19,1470.32,1414.66,1310.02,1464.26,0.017,0.022,0.017,0.049,0.037,0.069,0.081,0.099,0.137,0.242,0.325,0.404,0.491,0.563,0.664,0.778,0.833,0.898,0.925,0.927,0.971,0.972,1.004,1.036,1.051,0.989,1.061,1.06,1.074,1.09,1.075,1.082,1.104,1.031,1.082,1.124,1.082,1.037,1.095,1.079,1.11,1.087,1.1,1.09,1.091,1.062,1.079,1.105,1.077,-1578.24,8150.7,-995.06,-1558.26,-489.95,-322.91,39.34,78.01,70.1,62.96,74.49,51.93,173.68,293.77,317.28,324.97,424.75,450.07,527.35,526.94,524.78,556.86,569.77,550.59,561.55,661.65,586.36,633.53,590.9,614.95,648.4,628.79,609,703.34,658.83,605.18,665.62,751.93,702.28,705.63,677.18,690.78,673.76,675.37,713.82,774.77,748.06,675.05,751.31E06,Sample X54,A,7967.08,105177.87,3164.2,792.69,1128.29,650.17,107.76,271.04,19.22,151.23,197.17,123.83,303.93,574.54,618.86,708.17,713.48,906.78,1036.16,1103.85,1460.83,1890.78,2476.91,2923.6,3307.91,4053.93,4264.9,4731,5049.39,5324.19,5435.5,5349.26,5837.18,6069.35,5408.6,6174.19,6460.86,6735.76,6434.88,6445.68,6852.54,7024.88,6771.21,6805.16,6704.64,7204.21,7125.12,7078.32,7396.11,0.007,0.001,0.007,0.013,0.026,0.035,0.067,0.072,0.138,0.188,0.285,0.369,0.463,0.529,0.637,0.748,0.858,0.872,0.91,0.945,0.952,0.984,0.986,1.015,1.067,1.02,1.071,1.076,1.067,1.077,1.099,1.143,1.09,1.062,1.189,1.09,1.063,1.029,1.087,1.097,1.056,1.041,1.068,1.073,1.101,1.041,1.063,1.062,1.041,2925.5,39249.01,1035.19,-40.55,-122.09,206.59,318.34,12.67,60.23,158.24,81.01,55.92,140.64,292.29,311.38,311.66,349.67,478.56,543.54,582.24,755.77,961.29,1278.4,1501.71,1711.41,2124.43,2228.84,2434.16,2607.6,2786.56,2811.31,2752.95,3051.04,3146.15,2773.35,3206.21,3332.1,3493.76,3360.49,3291.54,3531.47,3598.17,3550.69,3515.59,3466.58,3727.66,3675.43,3686.09,3831.41E07,Sample X55,A,-3365.26,57851.66,-2261.57,-226.08,872.37,-593.17,-308.09,394.36,-141.69,27.94,445.69,3249.91,10615.99,17003.9,22727.79,30181.29,37280.24,42636.91,44336.18,45646.61,47712.43,53728.63,57370.51,62088.44,63610.2,72183.78,71322.29,73762.81,75980.33,76796.71,76566.76,75327.66,80654.62,83921.02,80933.54,78965.84,84045.6,87303,84698.33,83593.2,84460.12,87367.9,83769.67,87306.63,87388.95,90348.93,90672.73,89929.08,90240.94,0.016,0.002,0.015,0.026,0.022,0.041,0.079,0.081,0.15,0.218,0.315,0.389,0.457,0.538,0.632,0.738,0.813,0.852,0.905,0.917,0.955,0.954,0.986,0.999,1.055,0.99,1.05,1.062,1.06,1.078,1.1,1.141,1.082,1.049,1.109,1.143,1.082,1.049,1.085,1.112,1.1,1.077,1.122,1.081,1.086,1.056,1.06,1.075,1.071,-746.09,25933.5,-1580.51,-1219.88,-380.14,182.41,99.53,128.88,-8.72,59.45,169.8,1595.49,5279.96,8668.15,11724.62,15521.04,19201.3,22189.71,22841.52,23609.45,24799.92,27735,29617.48,32027.91,32891.41,37680.52,36994.09,38118.76,39378.78,39703.41,39844.74,38967.02,42016.91,43584.89,41802.05,41130.71,43671.82,45365.25,44063.89,43316.54,43928.85,45148.32,43436.5,45430.88,45242.85,47134.69,46841.8,46402.92,46799.72E08,Sample X56,A,-848.23,19011.14,-2194.11,-531.72,-258.96,-126.6,-313.68,122.43,-71.51,-15.92,343.59,2976.99,10134.1,16707.99,21714.91,28876.09,33951.66,39424.14,40976,40243.51,43241.36,45710.47,50106.36,50764.87,53787.9,60678.45,60332.99,62285.73,63717.42,65244.66,66378.32,67071.32,67956.9,70219.64,68871.92,69283.38,69361.04,73435.98,70904.93,72938.88,73421.06,73086.42,74805.16,75615.76,75232.66,72891.89,75354.35,77129.51,77327.7,0.012,0.028,0.013,0.017,0.034,0.043,0.075,0.086,0.137,0.209,0.297,0.392,0.442,0.518,0.63,0.726,0.826,0.844,0.873,0.917,0.926,0.961,0.964,1.035,1.049,0.995,1.045,1.054,1.062,1.063,1.064,1.074,1.077,1.05,1.083,1.09,1.094,1.044,1.086,1.063,1.059,1.07,1.047,1.042,1.055,1.089,1.061,1.045,1.05,-346.87,7279.86,-670.38,-1457.6,-1212.69,-212.01,-48.26,-132.58,18.67,-36.22,152.07,1491.02,5111.54,8438.99,11137.06,14954.95,17578.23,20317.77,21337.52,20819.38,22303.74,23587.44,25934.9,26337.58,28045.1,31491.19,31315.25,32301.01,32911.21,33641.77,34291.6,34788.71,35259.04,36317.19,35827.53,35983.64,35951.1,38063.12,36626.92,37832.7,38152.9,37817.81,38925.33,39255.93,39030.54,37918.89,39302.75,39930.91,39955.26E09,Sample X57,A,-1721.89,3500.75,-975.96,-631.46,324.43,-10.86,59.36,-52.54,-97.18,-116.1,489.13,5355.27,14336.19,22932.99,30884.79,41367.11,49250.45,52612.06,51996.65,51271.63,51761.3,52393.87,53473.22,53668.86,54986.29,59166.59,55922.31,54708.1,55958.8,54987.26,56103.93,56040.41,56545.68,59423.86,56307.05,55519.92,57500.25,60327.34,57748.05,58563.14,57388.8,58610.15,58111.65,59372.06,58789.65,61857.72,60227.94,60232.96,60620.98,0.012,-0.006,0.011,0.036,0.022,0.04,0.055,0.08,0.121,0.219,0.318,0.393,0.469,0.549,0.654,0.761,0.823,0.872,0.915,0.923,0.951,0.977,0.987,1.024,1.028,0.983,1.059,1.093,1.075,1.103,1.085,1.094,1.087,1.034,1.102,1.121,1.083,1.035,1.078,1.069,1.094,1.069,1.081,1.062,1.081,1.028,1.06,1.065,1.065,-1725.9,2728.64,-717.98,-1703.33,-14.84,105.58,-99.68,-38.99,75.29,-1.46,218.94,2634.32,7162.56,11614.82,15815.72,21298.82,25491.64,27044.63,26968.74,26657.47,26765.28,27130.02,27769.2,27877.75,28664.17,30794.06,29014.84,28531.46,29042.13,28422.3,29145.41,28957.11,29237.79,30772.39,29092.96,28651.26,29760.53,31235.02,30049.87,30361.9,29732.74,30547.13,30121.3,30780.13,30416.61,32185.23,31127.57,31456.35,31459.7E10,Sample X58,A,10746.06,-770.19,210.2,-281968.5,2439.8,336.37,62.98,225.35,92.31,74.62,151.8,265.86,715.54,1531.4,1814.38,2089.36,2323.21,2556.27,2697.41,3042.07,3439.53,3982.72,4675.04,5384.34,5974.96,6583.9,7056.57,7515.47,7863.19,8209.75,8530.8,8699.77,8944.32,9124.31,8595.82,9408,9506.88,9720.45,9795.39,9877.13,10203.79,10203.09,10521.52,10510.51,10669.31,10673.09,10640.01,11127.08,11129.07,0.005,-0.004,0.006,-0.0001,0.01,0.016,0.033,0.055,0.092,0.158,0.255,0.335,0.418,0.487,0.594,0.708,0.807,0.874,0.938,0.925,0.945,0.964,0.982,0.998,1.022,1.016,1.042,1.045,1.054,1.053,1.066,1.073,1.069,1.064,1.149,1.083,1.075,1.06,1.07,1.07,1.057,1.059,1.042,1.04,1.04,1.039,1.049,1.016,1.018,2754.87,-1192.55,489.9,-122204.72,1821.43,613.61,313.36,66.38,47.87,113.3,6.1,129.13,383.46,774.91,936.6,1059.46,1194.4,1316.35,1403.96,1598.28,1759.25,2064.92,2442.86,2768.76,3050.47,3426.68,3636.52,3909.34,4056.27,4278.93,4393.95,4506.03,4674.36,4713.2,4448.48,4865.68,4928.42,5043.39,5088.25,5115.68,5254.27,5245.94,5429.9,5485.15,5512.95,5560.68,5510.13,5743.71,5733.93E11,Sample X59,A,3404.92,11404.42,6659.08,-667.39,2164.29,-654.7,-308.75,50.43,9.08,29.35,150.72,1833.48,6098.38,9651.84,13605.29,18580.09,20910.1,21597.69,20253.4,19994.83,19789.39,19367.78,19390.6,19277.36,18782.69,19745.71,18699.2,18312.47,18632.87,18199.46,18314.17,18663.3,18183.19,19197.65,18292.43,18248.23,18732.42,19422.94,18577.14,19224.52,18666.03,19147.17,18761,19157.78,19003.26,19494.53,19582.7,19265.55,19601.15,0.007,-0.013,0.003,0.027,0.014,0.04,0.057,0.08,0.132,0.212,0.316,0.399,0.469,0.561,0.674,0.768,0.836,0.871,0.912,0.917,0.935,0.966,0.973,0.988,1.021,0.978,1.035,1.058,1.039,1.07,1.063,1.054,1.069,1.018,1.074,1.08,1.051,1.018,1.062,1.032,1.062,1.036,1.057,1.042,1.056,1.03,1.034,1.044,1.035,516.85,4934.44,6981.13,-1089.48,250,-66.02,83,-0.04,-46.11,12.46,70.06,872.61,3036.11,4915.17,6867.53,9507.17,10759.19,11158.67,10602.42,10395.04,10305.41,10011.29,10007.34,9986.97,9789.43,10305.57,9723.19,9473.17,9680.64,9373.24,9501.97,9591.04,9470.78,9888.89,9475.77,9401.63,9632.61,10048.02,9660.53,10010.61,9612.83,9904.27,9788.64,9877.58,9875.25,10208.4,10098.02,10041.25,10127.25E12,Sample X60,A,-3821.56,19281.4,-3575.23,216.93,-420.37,-423.17,591.28,369.62,91.8,-47.27,794.2,5606.33,13336.57,19048.25,24173.32,30730.79,33592.67,32984.71,31677.1,30467.53,29367.72,28976.07,28280.13,28010.17,27457.07,27369.7,26496.88,26282.06,26240.65,26123.41,25794.32,25708.56,25337.34,25865.75,25998.76,25315.26,25591.6,25877.53,25888.85,26186.21,26642.46,26785.99,27195.41,27276.38,27416.59,27354.79,27527.53,27921.91,28188.93,0.015,0.014,0.016,0.015,0.027,0.033,0.053,0.077,0.132,0.221,0.296,0.383,0.441,0.525,0.633,0.737,0.787,0.836,0.871,0.883,0.911,0.932,0.951,0.962,0.983,0.989,1.019,1.021,1.02,1.024,1.04,1.035,1.042,1.023,1.029,1.062,1.047,1.035,1.038,1.027,1.019,1.014,0.995,0.992,0.998,1.002,0.993,0.984,0.977,-2211.2,7910.63,-967.59,-615.32,-83.33,180.96,269.34,172.36,67.17,59.46,333.26,2811.28,6652.97,9649.42,12321.81,15785.3,17364.47,17049.92,16418.89,15800.95,15406.76,15001.89,14701.3,14587.44,14329.83,14212.61,13674.03,13654.54,13597.92,13506.48,13284.73,13352.18,13258.28,13421.03,13489.01,13060.8,13294.16,13480.48,13431.32,13576.5,13722.14,13816.36,14179.58,14155.4,14130.81,14161.7,14269.09,14430.3,14632.61F01,Sample X61,A,-646.31,19852.65,-992.81,-718.5,-627.08,-457.28,226.54,124.83,62.29,101.22,798.2,2111.22,3513.91,4776.33,6173.37,6486.66,6501.74,6310.46,6201,6313.29,6407.31,6252.68,6361.43,6404.78,6181.86,6612.6,6177.48,6228.82,6269.92,6177.37,6314.63,6259.91,6301.2,6679.91,6283.01,6182.98,6361.62,6726.03,6335.8,6406.4,6412.16,6558.06,6465.94,6516.96,6541.6,6640.25,6646.98,6659.54,6822.05,0.013,0.024,0.017,0.048,0.051,0.073,0.091,0.13,0.207,0.302,0.399,0.461,0.549,0.645,0.757,0.84,0.885,0.918,0.947,0.948,0.964,0.997,0.998,1.011,1.036,0.988,1.05,1.048,1.047,1.066,1.051,1.061,1.056,1.008,1.064,1.071,1.056,1.012,1.065,1.056,1.065,1.046,1.062,1.053,1.061,1.042,1.057,1.049,1.046,-565.05,8237.22,-1114.11,-1329.72,-781.62,-64.14,228.48,105.21,93.85,63.37,390.82,1039.58,1759.85,2436.2,3177.8,3337.6,3382.07,3282.37,3240.73,3313.44,3350.76,3239.74,3274.07,3280.64,3232.3,3435.05,3216.29,3258.72,3241.14,3162.18,3263.09,3188.47,3273.18,3446.65,3258.85,3272.13,3289.46,3487.97,3311.08,3369.26,3326.81,3362.19,3350.66,3359.92,3404.77,3517.98,3437.64,3450.97,3538.31F02,Sample X62,A,4404,30875.69,-957.42,-514.6,571.95,-374.23,501.43,273.92,-2.28,130.35,2764.18,7126.05,13141.75,16985.73,21994.57,24357.95,24596.61,25051.73,24793.66,25441.21,26159.34,27474.38,28566.6,29593.57,29710.89,31484.38,30331.42,30879.25,31026.98,30574.11,30634.64,31055.66,31305.42,32795.08,31297.92,31345.31,32493.37,34148.35,32559.42,33085.58,33277.11,33894.65,33555.57,34175.51,34077.8,35170.22,34982.94,35578.6,35497.44,0.009,0.007,0.015,0.028,0.033,0.052,0.072,0.108,0.185,0.273,0.363,0.443,0.506,0.61,0.722,0.806,0.861,0.884,0.915,0.928,0.954,0.974,0.986,0.998,1.028,0.992,1.043,1.043,1.051,1.068,1.073,1.072,1.068,1.03,1.075,1.084,1.058,1.015,1.061,1.05,1.051,1.033,1.046,1.031,1.038,1.017,1.027,1.017,1.017,1449.63,11733.01,-586.44,-1211.82,-469.51,50.16,130.79,169.15,35.8,22.7,1326.42,3509.61,6660.53,8735.67,11234.57,12612.51,12748.14,12972.16,12804.67,13193.78,13574.72,14113.31,14848.72,15263.95,15375.79,16347.24,15689.13,16010.16,16098.46,15933.35,15951.61,15969.87,16292.95,16958.12,16264.64,16270.03,16755.68,17591.91,16874.82,17189.23,17272.42,17640.19,17401.71,17732.97,17719.32,18215.79,18056.04,18456.28,18461.32F03,Sample X63,A,2209.27,27456.82,-1152.95,130.73,807.14,-714.43,104.14,213.78,23.45,13.51,1811.93,5742.37,11754.22,15651.11,19118.72,22559.76,23336.01,23292.24,22743.19,23539.84,23943.35,25040.53,27153.96,28443.52,29043.77,30619.15,30276.89,30761,31227.62,30587.36,31095.04,31792.71,31421.7,33183.32,32080.43,32144.29,33122.77,34134.35,33144.51,33513.73,33190.08,33531.46,34196.25,34661.35,34611.4,35544.99,35276.68,35426.3,35981.71,0.009,0.007,0.011,0.026,0.031,0.07,0.083,0.1,0.173,0.251,0.349,0.428,0.501,0.596,0.737,0.793,0.844,0.877,0.909,0.907,0.951,0.979,0.968,0.988,1.02,1.006,1.039,1.048,1.053,1.079,1.081,1.067,1.09,1.036,1.083,1.088,1.07,1.05,1.087,1.082,1.103,1.096,1.079,1.065,1.07,1.051,1.059,1.066,1.053,589.31,10905.3,786.44,-372.66,-94.16,-101.56,191.49,233.5,179.05,57.65,846.38,2907.43,5891.62,8024.39,9822.84,11528.55,12137.35,12169.58,11811.21,12233.75,12324.46,12845.99,14096.14,14790.08,15009.96,15847.11,15758.31,15960.75,16086.72,15842.75,16092.58,16440.68,16228.46,17202.12,16633.44,16677.7,17137.45,17736.92,17158.68,17416.33,17169.09,17446.87,17720.03,17977.18,17925.11,18431.28,18191.66,18239.81,18606.28F04,Sample X64,A,5556.25,28123.99,-927.13,1031.5,180.22,-780.03,14.64,413.38,156.03,14.92,1764.16,5931.56,9890.17,12220.69,15028.09,16971.11,17094.2,16920.76,15817.11,15622.5,15203.18,15025.96,14950.18,14911.82,14379.35,15182.35,14208.97,14239.93,14100.31,13931.55,13872.47,13805.95,13495.97,14479.1,13617.56,13676.23,14042.02,14663.39,13758.75,13793.58,13832.62,13918.5,14159.36,14340.75,14305.98,14588.65,14391.88,14623.49,14613.82,0.008,0.005,0.012,0.022,0.028,0.084,0.066,0.089,0.142,0.242,0.333,0.415,0.484,0.581,0.697,0.792,0.846,0.881,0.917,0.921,0.96,0.979,0.983,0.996,1.026,0.979,1.046,1.048,1.055,1.059,1.065,1.069,1.094,1.02,1.083,1.077,1.054,1.019,1.082,1.081,1.085,1.078,1.064,1.052,1.054,1.037,1.053,1.046,1.043,1218.9,14114.33,-863.7,-795.63,-347.12,-363.92,235.82,47.74,120.96,83.95,796.54,2913.23,5020.15,6271.15,7668.09,8715.94,8874.04,8721.85,8225.43,8198.52,7918.09,7784.92,7740.99,7681.72,7503.3,7944.01,7287.6,7328.3,7279.92,7190.61,7176.77,7084.58,6955.27,7483.58,7014.86,7111.19,7330.07,7584.7,7106,7136.49,7118.71,7215.18,7298.16,7407.98,7460.75,7584.42,7447.02,7577.4,7556.4F05,Sample X65,A,1759.3,37872.67,1362.4,723.8,260.92,-426,528.18,527.73,-76.8,62.01,1105.66,5879.36,13938.28,19957.92,24985.86,30768.31,32290.38,33434.25,34505.69,35059.61,35874.3,39016.21,40847.23,43201.91,43028.14,46010.42,45478.14,46230.13,46600.72,46120.13,46795.36,46854.43,46789.6,48720.12,47491.87,46584.2,48549.62,50173.18,48424.92,49510.28,49526.88,50141.83,50050.07,49462.95,50549.63,52131.79,51192.24,51174.59,51774.65,0.009,0.003,0.011,0.021,0.024,0.041,0.055,0.084,0.138,0.226,0.314,0.422,0.458,0.546,0.653,0.75,0.813,0.847,0.881,0.9,0.943,0.941,0.958,0.968,1.013,0.982,1.013,1.026,1.027,1.044,1.042,1.048,1.057,1.017,1.052,1.08,1.038,1.011,1.048,1.035,1.042,1.028,1.036,1.046,1.033,1.013,1.022,1.034,1.024,110.12,16164.6,-406.26,-185.49,-447.48,131.5,397.61,108.64,80.95,38.86,466.29,2930.47,7051.14,10138.55,12765.73,15762.31,16679.23,17352.89,17828.23,18119.5,18709.09,20238.39,21225.69,22285.34,22407.51,23877.41,23712.76,23850.84,24183.85,24029.15,24283.56,24335.67,24187.35,25302.52,24635.53,24109.81,25166.49,26044.9,25286.91,25643.47,25581.76,25986.31,25808.02,25589.36,25994.5,26880.06,26510.01,26509.98,26981.2F06,Sample X66,A,-1086.83,33433.9,-2637.07,-363,-804.72,-164.93,182.73,79.96,-238.98,-54.88,4011.08,11492.27,21663.41,29078,37075.41,41377.2,42166.88,42582.3,41619.12,43017.02,42958.12,45882.08,47449.68,48155.51,47996.89,50038.3,48642.39,48425.11,48800.26,48845.07,48913.76,47912.81,48325.85,50502.29,48419.13,49008.19,49724.8,51397.72,49408.75,50011.2,50364.67,51318.19,49168.21,50736.05,48664.51,52673.12,51901.98,52644.19,51733.35,0.014,0.005,0.017,0.022,0.026,0.043,0.064,0.1,0.2,0.262,0.363,0.443,0.496,0.587,0.696,0.789,0.834,0.864,0.9,0.906,0.957,0.945,0.959,0.981,1.008,0.991,1.028,1.043,1.038,1.043,1.045,1.07,1.065,1.021,1.066,1.063,1.046,1.015,1.055,1.05,1.046,1.032,1.068,1.039,1.09,1.017,1.028,1.021,1.039,-1975.9,12236.02,-1136.51,-828.58,-466.98,-349.07,113.26,101.01,-43.11,24.38,1878.14,5779.63,11069.55,14913.93,19040.77,21393.59,21873.13,21958.95,21792.01,22298.7,22254.05,23762.79,24438.08,24991.95,24943.75,25915.25,25297.08,25075.54,25371.83,25430.16,25344.42,24862.24,25035.05,26120.03,25055.13,25284.41,25800.31,26718.38,25760.3,25767.77,26160.26,26528.58,25461.74,26343,25156.76,27183.84,26826.53,27264.43,26806.99F07,Sample X67,A,-12.39,56086.96,-1828.79,-293.38,473.81,-562.33,12.89,201.47,-87.26,53.93,150.39,2015.26,3677.89,6590.98,7824.88,8869.51,9536.5,10188.17,11330.57,12738.02,13785.87,15132.62,16497.6,18057.86,18931.09,20090.63,20294.99,21379.13,21767.96,22135.39,22128.54,21127.99,22656.52,23707.36,23055.82,22924.08,24347.04,25457.02,24669.8,25073.05,25190.99,25678.78,25037.74,26286.3,24906.93,25652.75,26648.49,26552.8,27620.48,0.011,0.002,0.013,0.02,0.021,0.034,0.058,0.07,0.165,0.184,0.29,0.359,0.438,0.498,0.6,0.713,0.81,0.859,0.888,0.901,0.919,0.933,0.95,0.959,0.986,0.983,1.027,1.012,1.016,1.023,1.042,1.111,1.05,1.018,1.069,1.089,1.045,1.018,1.064,1.053,1.064,1.044,1.075,1.034,1.096,1.071,1.038,1.044,1.017,-611.42,16067.19,-1685.53,-834.17,-654.76,79.11,-42.42,-32.36,21.68,94.97,44.35,968.42,1837.7,3369.96,4028.58,4554.23,4973.65,5300.28,5897.66,6569.73,7105.21,7815.58,8515.06,9260.45,9755.83,10467.12,10474.33,11032.62,11303.03,11434.07,11419.95,10835.23,11825.98,12357.02,11884.06,11901.48,12557.91,13153.84,12671.77,12996.82,12910.02,13372.49,12933.76,13556.52,12916.84,13314.25,13781.63,13762.84,14294.64F08,Sample X68,A,997.81,2586.96,-2075.47,-678.18,382.43,-269.09,275.79,220.08,-0.89,68.35,205.14,2484.88,5825.42,9866.42,12098.35,14581.34,15806.48,17399.94,19090.86,20343.27,21808.33,23278.67,25323.83,26388.68,27647.05,28672.96,29499.55,29925.39,30334.18,30538.95,30892.56,30918.78,31107.43,32091.07,31813.82,30304.84,32534.02,33329.19,32528.18,33431.6,33424.18,33532.66,34030.16,34252.52,34670.93,34409.51,35350.5,36109.55,36300.15,0.011,-0.004,0.011,0.012,0.015,0.033,0.044,0.068,0.111,0.188,0.284,0.365,0.429,0.506,0.606,0.714,0.797,0.834,0.859,0.883,0.905,0.93,0.932,0.971,0.985,0.998,1.008,1.014,1.019,1.035,1.032,1.04,1.043,1.017,1.047,1.105,1.044,1.027,1.059,1.044,1.051,1.05,1.042,1.042,1.037,1.052,1.025,1.014,1.008,-975.9,3771.74,-1603.77,295.28,6.76,153.79,-55.82,54.14,64.59,18.12,77.92,1265.34,2860.35,4988.31,6179.6,7454.8,8189.88,8940.92,9880.88,10567.1,11202.82,12118.45,13153.75,13603.45,14325.53,14843.63,15190.82,15566.16,15714.74,15786.91,16002.25,16047.85,16153,16677.3,16457.21,15641.33,16904.96,17371.72,16959.49,17279.62,17304.66,17375.74,17565.03,17694.31,17910.95,17701.08,18289.91,18604.75,18882.36F09,Sample X69,A,2964.19,2686.96,-2699.16,118.45,1630,37.22,-46.15,265.55,2.23,-105.04,253.85,5202,12052.14,20670.29,26349.59,31944.59,37527.23,40685.61,43370.2,43829.94,43096.84,43753.33,44481.01,45666.87,45365.77,47767.48,46626.46,47088.78,47707.07,46969.6,47671.51,47531.27,47621.13,49145.93,47385.03,47596.15,47375.63,49912.6,48618.47,49363.66,48502.47,49758.54,49473.1,49479.79,49942.52,51032.03,50660.29,51208.55,51321.84,0.007,-0.005,0.007,0.012,0.012,0.029,0.045,0.072,0.113,0.197,0.289,0.367,0.423,0.491,0.582,0.683,0.796,0.834,0.858,0.874,0.905,0.924,0.94,0.952,0.987,0.975,1.02,1.036,1.036,1.056,1.056,1.067,1.07,1.04,1.084,1.079,1.086,1.033,1.062,1.055,1.069,1.05,1.053,1.054,1.055,1.036,1.044,1.038,1.035,-3.3,2521.74,-241.09,-639.51,10,164.67,47.59,-137.6,65.32,60.75,90.68,2546,6047.11,10491.59,13404.91,16353.62,19256.81,21115.15,22453.74,22940.44,22461.07,22718.3,23059.29,23672.56,23616.79,24702.79,24203.34,24266.94,24639.19,24326.95,24728.22,24618.22,24624.13,25422.25,24531.83,24686.2,24496.22,25913.45,25190.38,25545.89,25073.96,25686.63,25534.31,25721.09,25780.18,26447.6,26252.47,26415.28,26598.51F10,Sample X70,A,15361.45,10531.4,13411.95,1741.17,3871.05,-103.25,-76.26,-293.72,86.91,42.42,111.6,-2.54,138.16,143.48,135.91,118.92,143.16,167.5,227.48,254.77,259.63,316.43,342.37,328.5,319.65,343.45,340.94,356.59,387.98,343.92,432.89,426.19,388.33,420.33,438.72,419.68,374.31,420.86,421.59,505.25,492.3,432.29,524.69,443.8,483.75,537.85,552.86,552.85,568.43,0.003,-0.011,0.002,0.006,0.008,0.023,0.04,0.083,0.112,0.188,0.28,0.367,0.425,0.515,0.625,0.727,0.795,0.872,0.894,0.887,0.939,0.932,0.945,0.965,0.991,0.972,1.012,1.015,1.02,1.048,1.029,1.031,1.03,1.009,1.037,1.037,1.044,1.011,1.041,1.024,1.036,1.052,1.034,1.024,1.054,1.012,1.02,1.017,1.014,2095.52,5040.26,-102.2,1182.37,1671.05,-48.76,279.61,-232.18,41.12,23.75,21.69,-20.85,58.02,97.17,61.12,44.25,72.96,61.88,135.96,139.86,133.49,141.86,179.11,175.93,170.49,186.07,185.19,196.41,175.07,168.15,194.51,210.04,203.71,220.15,221.07,233.13,217.08,231.17,264.32,252.86,244.96,219.68,257.58,261.53,276.45,310.12,313.3,295.73,308.58F11,Sample X71,A,-5186.5,11726.05,-43754.72,364.83,2350,743.01,897.3,542.01,36.07,54.6,210.25,116.43,104.34,135.24,161.79,112.35,65.75,122.7,209.97,206.01,285.07,224.43,336.09,405.93,409.14,426.02,457.11,445.56,480.01,477.87,513.75,564.43,564.18,577.5,584.14,610.38,630.09,645.39,714.69,648.32,791.92,795.85,873.99,806.14,896.74,918.45,1033.36,1013.56,1088.68,0.015,-0.013,-0.0005,0.003,0.005,0.019,0.034,0.059,0.106,0.188,0.267,0.335,0.397,0.467,0.556,0.648,0.719,0.753,0.789,0.79,0.799,0.85,0.825,0.828,0.849,0.835,0.855,0.857,0.851,0.868,0.858,0.851,0.852,0.834,0.851,0.851,0.845,0.829,0.843,0.873,0.847,0.835,0.842,0.83,0.83,0.811,0.81,0.808,0.806,-1236.18,5243.54,-35018.87,6461.94,4050,544.24,415.93,175.11,155.46,131.13,100.69,39.47,72.66,116.06,70.01,41.93,23.7,48.93,100.07,129.04,116.4,115.25,176.27,194.24,204.48,220.87,228.62,252.09,243.48,243.63,243.69,274.53,305.23,306.31,324.47,318.88,326.44,356.51,415.12,327.38,387.55,400.91,419.44,434.52,487.66,501.87,524.42,552.46,538.65F12,Sample X72,A,-2456.74,18707.28,-2840.43,193.66,403.99,-119.8,-189.05,306.34,9.89,4.43,321.97,1686.4,5186.65,7920.47,10120.08,12682.12,15127.76,16824.24,18187.84,19395.08,20929.18,22881.92,24930.79,27009.32,28318.45,30559.87,30892.82,31966.27,32872.98,33048.96,33672.89,33918.88,34289.63,35156.66,35302.97,35333.04,35071.03,36126.37,35519.46,36107.54,36424.58,36956.33,37286.13,37720.72,37877.79,38591.42,38026.15,38896.73,39151.29,0.011,0.019,0.017,0.022,0.033,0.044,0.061,0.084,0.143,0.231,0.295,0.385,0.446,0.528,0.629,0.734,0.785,0.83,0.859,0.877,0.91,0.929,0.948,0.964,0.988,0.987,1.027,1.027,1.026,1.043,1.047,1.051,1.046,1.035,1.044,1.054,1.059,1.038,1.056,1.043,1.04,1.034,1.022,1.017,1.02,1.009,1.025,1.006,1.002,-2794.09,7537.78,-1076.01,-763.28,-676.38,104.21,118.24,86.63,82.8,56.97,195.22,861.62,2519.13,4100.74,5146.05,6504.05,7793.98,8724.66,9392.18,10083.37,10780.14,11842.14,12947.89,13921.8,14729.2,15868.35,15958.21,16559.73,17018.46,17176.89,17385.73,17627.83,17772.51,18187.71,18286.73,18233.97,18233.34,18684.47,18367.27,18772.5,18888.07,19058.3,19366.06,19603.62,19720.78,20032.1,19608.21,20192.91,20351.24G01,Sample X73,A,-1107.09,18320.46,-1350.57,-978.24,-816.03,-656.16,122.39,132.92,50.82,55.83,1269.43,4304.04,8647.38,11767.01,15461.93,18125.38,19696.11,20307.04,20510.73,21531.78,22727.47,23365.95,24687.73,25529.88,25777.71,27847.01,26544.11,27171.16,27254.29,26555.61,27160.44,27051.29,27441.42,28672.98,27214.71,27139.47,28181.86,29191.46,27751.65,28104.32,28143.82,28607.37,28361.17,28746.12,28818.52,29515.22,29396.22,29760.78,30076.18,0.014,0.039,0.019,0.062,0.062,0.086,0.101,0.141,0.209,0.305,0.4,0.46,0.548,0.646,0.757,0.838,0.882,0.914,0.957,0.959,0.985,1.018,1.025,1.04,1.074,1.018,1.089,1.089,1.092,1.117,1.101,1.108,1.101,1.051,1.11,1.118,1.085,1.05,1.104,1.09,1.094,1.077,1.089,1.076,1.078,1.058,1.064,1.057,1.052,-1038.84,7613.11,-946.33,-1474.2,-1028.85,-94.76,260.56,1.35,32.68,76.46,617.78,2144.69,4380.59,6006.46,7940.92,9372.35,10115.26,10455.23,10612.27,11280.35,11768.06,12143.85,12757.42,13272.33,13349.29,14445.07,13738.4,14068.39,14069.85,13822.5,14034.13,14023.47,14201.07,14900.43,14051.59,14078.3,14653.18,15172.5,14330.34,14609.55,14569.52,14889.02,14649.21,14807.51,14855.99,15334.55,15210.08,15350.09,15510.86G02,Sample X74,A,2236.45,-11605.35,3259.37,2161.93,2136.05,-712.15,453.26,361.58,59.1,90.25,234.4,236.03,473.1,541.67,596.72,664.18,682.1,781.74,746.55,711.34,785.65,737.09,806.44,764.37,740.2,723.44,764.39,778.93,789.58,787.47,805.63,819.54,798.79,799.87,830.57,752.05,863.81,867.92,830.72,918.19,885.62,939.62,924.23,978.79,967.6,1031.52,1008.17,1054.45,998.09,0.008,-0.003,0.007,0.014,0.021,0.064,0.06,0.105,0.172,0.264,0.364,0.437,0.508,0.604,0.721,0.787,0.829,0.854,0.894,0.907,0.919,0.956,0.959,0.973,1,0.988,1.02,1.025,1.02,1.035,1.032,1.036,1.037,1.018,1.045,1.053,1.022,1.004,1.048,1.032,1.038,1.017,1.027,1.01,1.03,1.006,1.015,1.006,1.009,1024.1,-5016.72,2614.93,476.44,529.07,-102.79,299.96,114.33,131.23,90.85,108.5,153.3,240.02,306.85,299.61,332.87,364.24,389.34,394.38,358.15,389.55,379.33,410.81,388.42,385.44,414.58,398.46,394.38,398.92,397.05,405.06,394.84,432.37,414.02,428.19,401.25,468.61,458.01,449.76,441.05,480.56,487.97,507.26,500.79,504.95,535.01,524.53,536.24,545.44G03,Sample X75,A,949.68,18077.25,-476.94,-572.34,-585.71,-781.44,272.86,205.91,34.25,-16.9,109.67,92.1,372.99,530.54,576.7,647.35,744.58,860.13,905.2,919.74,897.75,839.9,957.27,940.48,873.53,977.46,837.35,921.07,905.13,829.2,923.61,965.73,923.58,1001.12,910.9,857.06,976.78,1082.92,992.63,1024.85,1036.61,1058.54,1021.94,1059.99,1089.05,1134.94,1125.84,1149.3,1140.17,0.012,0.041,0.018,0.057,0.056,0.1,0.081,0.111,0.171,0.268,0.365,0.435,0.515,0.595,0.716,0.816,0.872,0.896,0.942,0.937,0.97,1.007,0.999,1.018,1.058,1.012,1.083,1.074,1.087,1.125,1.097,1.096,1.101,1.048,1.11,1.142,1.085,1.043,1.104,1.091,1.106,1.087,1.108,1.079,1.093,1.065,1.083,1.067,1.071,-866.66,7492.61,-796.65,-1524.1,-678.57,-322.73,226.94,34.43,128.07,36.23,66.74,51.65,181.3,268.69,263.36,291.84,399.01,439.09,472.02,490.05,464.49,430.59,481.32,493.72,452.34,526.74,433.28,482.82,458.28,414.06,469.06,473.9,473.3,546.06,472.38,440.76,534.26,569.34,513.04,513.92,506.39,538.45,518.5,559.73,583.02,597.05,595,604.55,613.81G04,Sample X76,A,2708.38,36086.96,786.64,1667.86,-223.43,-106.83,390.52,294.44,35.32,121.3,1032,4578.28,9681.06,13846.45,18499.18,22438.52,24010.42,26409.06,25282.64,25975.55,26704.42,26002.83,27562.11,27675.81,27343.97,28713.96,27944.15,27624.97,27859.16,27543.75,27348.48,27374.49,27053.14,28214.13,26936.76,27243.03,28226.93,29118.94,27293.55,28482.23,28445.27,28806.16,28586.59,29015.47,28346.32,29632.69,29119.69,29694.9,30026.75,0.01,0.004,0.013,0.02,0.054,0.053,0.081,0.113,0.176,0.268,0.37,0.425,0.508,0.599,0.718,0.792,0.87,0.864,0.911,0.919,0.93,0.982,0.968,0.992,1.022,0.993,1.034,1.053,1.044,1.056,1.065,1.068,1.089,1.043,1.089,1.079,1.052,1.022,1.084,1.048,1.052,1.042,1.048,1.035,1.057,1.024,1.041,1.029,1.021,309.81,15331.26,-86.54,68,-901.29,98.28,105.75,141.51,154.33,107.21,519.77,2244.64,4908.09,7124.08,9555.15,11565.86,12430.69,13651.71,13202.67,13418.88,13861.87,13555.31,14257.25,14386.1,14204.5,14947.1,14400.24,14244.09,14414.7,14221.24,14215.56,14124.13,13969.98,14607.52,13933.54,14255.98,14615.57,15060.1,14178.58,14692.34,14722.87,14931.87,14870.41,15003.3,14718.73,15267.68,15090.23,15311.85,15547.83G05,Sample X77,A,-3285.61,18862.88,-2759.79,-1129.9,-677.45,-1000.99,557.39,-23.84,-19.5,21.91,1450.13,6081.56,11066.1,16396.09,23322.01,26668.63,28061.93,27953.79,26274.06,26725.59,26456.06,26553.58,25548.21,25317.36,25092.94,25958.58,24325.2,24522.8,24041.85,23385.95,23778.78,23775.46,23711.14,24705.67,23916.13,23151.09,23739.62,24749.15,23890.82,24217.53,23385.85,24249.5,24182.97,24229.18,24397.4,24887.75,24456.84,24926.61,24983.53,0.017,0.03,0.02,0.063,0.036,0.094,0.072,0.149,0.21,0.327,0.423,0.469,0.577,0.68,0.773,0.86,0.909,0.928,0.973,0.956,0.982,0.984,1.024,1.03,1.043,1.012,1.074,1.063,1.078,1.103,1.082,1.086,1.09,1.042,1.085,1.117,1.089,1.051,1.088,1.075,1.11,1.074,1.08,1.077,1.068,1.059,1.077,1.062,1.061,-1564.14,7491.64,-1292.98,-1587.64,-517.51,-317.98,135.52,-40.94,11.94,-3.17,690.71,3080.26,5580.3,8371.41,11987.46,13827.39,14387.28,14451.44,13689.56,13936.96,13708.52,13715.91,13161.75,13206.3,13041.86,13497.33,12581.22,12767.27,12458.18,12108.03,12350.48,12329.09,12348.51,12868.8,12306.58,11950.35,12371.14,12840.41,12405.99,12507.8,12111.93,12518.34,12500.08,12495.04,12711.51,12891.61,12634.71,12817.76,12904.9G06,Sample X78,A,-749.67,69420.29,-15.59,-216.68,-947.06,322.58,-54.24,179.64,-0.37,-28.41,254.22,1184.49,4379.86,7399.32,9269.24,11942.52,14184.36,15955.68,16495.41,16169.49,16781.5,17073.98,17996.05,18273.93,19122.99,20922.37,20521.07,20642.15,21443.78,21239.1,21145.25,21328.78,21303.46,22199.53,21186.26,21638.64,22233.68,22877.26,21282.85,22229.6,21990.23,23020.91,23094.37,22882.74,22180.26,23678.3,23410.92,23626.57,23769.45,0.008,0.001,0.012,0.014,0.041,0.04,0.069,0.086,0.139,0.215,0.3,0.414,0.441,0.516,0.628,0.73,0.807,0.83,0.865,0.899,0.906,0.943,0.955,0.993,1.013,0.973,1.031,1.045,1.036,1.055,1.069,1.067,1.072,1.035,1.09,1.075,1.048,1.019,1.093,1.058,1.075,1.034,1.036,1.046,1.077,1.022,1.035,1.023,1.026,221.63,23188.41,-497.13,-379.91,-990.2,148.88,-20.45,6.81,43.06,32.29,92.58,573.44,2183.66,3737.62,4754.15,6104.57,7268.17,8257.54,8544.89,8383.4,8724.05,8861.36,9321.84,9545.01,9929.8,10842.33,10607.55,10755.76,11067.85,10971.13,10957.58,11044.58,11070.36,11542.37,10983.47,11154.05,11493.68,11928.16,11051.03,11503.51,11394.42,11847.64,11917.28,11814.62,11485.19,12192.9,12026.29,12322.41,12283.56G07,Sample X79,A,-4114.08,28439.9,-3166.48,-481.52,-254.08,-226.37,-284.46,372.4,-6.06,-82.75,207.35,1162.07,4191.33,7165.07,9466.77,11855.51,14436,16088.5,16592.85,16720.8,16981.59,17448.23,18523.26,19454.46,19895.73,20549.52,21076.73,21546.31,21912.92,21421.25,22161.15,21818.49,22320.34,22965.13,22230.03,21948.37,22809.33,23435.81,22559.34,23119.47,22523.6,23233.77,22971.5,23356.52,22899.54,24178.82,23741.97,24122.31,24330.93,0.014,0.005,0.017,0.027,0.024,0.046,0.057,0.084,0.132,0.225,0.31,0.399,0.444,0.526,0.613,0.725,0.8,0.843,0.879,0.889,0.92,0.94,0.948,0.959,0.998,1.013,1.024,1.039,1.042,1.077,1.06,1.078,1.065,1.038,1.074,1.091,1.056,1.033,1.066,1.051,1.087,1.052,1.068,1.052,1.076,1.028,1.045,1.036,1.039,-1598.28,11031.54,-1665.93,-1498.4,-403.06,-33.21,211.07,-6.22,-8.26,-4.56,52.94,589.54,2049.61,3646.65,4789.11,6131.15,7459.4,8306.2,8650.7,8708.69,8786.54,9069.87,9597.06,10115.67,10261.43,10669.95,10983.48,11138.09,11312.43,11064.75,11348.22,11312.93,11535.13,11795.4,11572.29,11381.41,11840.34,12099.12,11715.39,11998.26,11589.14,12054.6,11915.26,12114.19,11864.32,12610.88,12321.42,12498.75,12575.48G08,Sample X80,A,661.45,19792.84,-2243.27,-869.03,-605.86,-710.86,-318.95,25.73,-104.18,-2.93,196.22,2471.13,7479.07,11473.44,15567.97,20123.22,21391.92,21792.37,20666.46,19655.78,19885.68,18423.29,19117.48,18650.89,18420.63,17945.7,18105.83,18045.55,17705.59,17765.79,17325.6,17735.55,17495.88,18170.02,17509.79,17337.46,17664.44,18458.5,17475.72,17787.44,18040.47,18265.67,18166.54,18510.82,18286.41,18179.88,18408.22,18862.35,19126.91,0.01,0.017,0.013,0.019,0.037,0.04,0.063,0.089,0.136,0.216,0.312,0.402,0.462,0.551,0.662,0.758,0.83,0.855,0.888,0.925,0.929,1.01,0.981,1.013,1.026,1.053,1.047,1.053,1.065,1.066,1.09,1.072,1.076,1.04,1.079,1.091,1.076,1.035,1.087,1.069,1.069,1.052,1.052,1.042,1.049,1.058,1.051,1.033,1.023,-175.9,7815.86,-881.46,-1209.96,-932.56,-169.42,58.74,-73.68,94.57,67.91,41.4,1206.64,3705.68,5835.59,7961.79,10313.84,11026.83,11287.76,10809.87,10236.89,10376.88,9504.28,9915.88,9599.43,9549.11,9308.88,9368.59,9330.04,9157.14,9147.8,8929.87,9133.3,9078.53,9353.55,9108.93,8957.74,9133.97,9493.66,9093.31,9222.14,9309.37,9418.08,9440.56,9575.44,9474.58,9464.84,9460.92,9807.76,9866.87G09,Sample X81,A,-358.55,-143913.04,-2526.87,-844.24,-222.04,-580.59,188.59,-32.97,30.54,51.43,134.05,267.69,775.72,1123.8,1573.92,1930.95,2152.79,2712.37,3106.98,3471.29,3779.73,4401.57,4994.35,5546.29,5852.71,6606.37,6594.55,6975.87,7228.94,7275.25,7375.72,7642.03,7811.17,8301.68,8022.16,8110.09,8547.44,8731.93,8716.88,8981.78,8834.76,8855.36,8967.17,9247.47,9170.83,9795.28,9444.15,9400.02,9559.42,0.012,-0.0005,0.016,0.034,0.028,0.047,0.061,0.089,0.152,0.252,0.345,0.422,0.514,0.607,0.721,0.816,0.885,0.896,0.922,0.91,0.948,0.962,0.969,0.982,1.019,0.981,1.042,1.053,1.05,1.079,1.093,1.068,1.057,1.002,1.048,1.058,1.014,1.01,1.028,1.008,1.034,1.032,1.029,1.017,1.027,0.979,1.011,1.016,1.016,-1415.9,-61478.26,-803.68,-1494.67,-853.94,224,-108.6,59.94,-5.27,20.88,34.05,102.11,349.72,578.64,787.51,958.14,1114.42,1389.78,1598.54,1804.57,1980.35,2248.67,2553.06,2854.47,3023.93,3465.17,3427.63,3571.66,3720.75,3731.14,3789.05,3940.67,4036.47,4314.14,4176.97,4170.8,4442.07,4507.59,4486.96,4606.41,4555.5,4586.76,4640.3,4758.33,4783.88,5117.56,4926.73,4889.6,4936.37G10,Sample X82,A,8161.45,-45341.61,-3004.72,412.45,92.86,674.53,73.62,43.99,-51.41,-135.81,118.89,-58.38,73.86,367.59,561.67,798.12,1001.24,1559.53,2116.27,2555.13,2845.65,3192.75,3580.68,4019.34,4386.58,4890.14,5222.91,5579.34,5868.14,6085.28,6382.97,6547.78,6690.41,6951.89,7017.89,7161.99,7322.97,7425.07,7742.26,7766.6,8090.53,8376.2,8327.44,8527.11,8559.6,8639.98,8820.3,9100.16,9357.4,0.005,-0.0007,0.008,0.004,0.011,0.021,0.038,0.068,0.112,0.192,0.287,0.375,0.448,0.52,0.623,0.728,0.814,0.838,0.867,0.883,0.902,0.916,0.935,0.948,0.975,0.971,1.003,1.004,1.02,1.04,1.027,1.035,1.042,1.024,1.04,1.035,1.028,1.014,1.015,1.024,1.002,0.992,0.994,0.988,0.997,0.995,0.985,0.967,0.953,2024.1,-17763.98,-768.87,1366.7,-142.86,849.79,152.02,10.41,169.05,-13.74,26.39,-19.28,18.54,159.61,251.61,369.37,531.82,792.22,1092.37,1333.72,1499.2,1659.04,1884.13,2104.24,2275.28,2526.42,2662.54,2878.57,2997.98,3087.16,3310.3,3404.46,3483.54,3603.15,3665.41,3719.42,3808.14,3921.01,4021.35,3997.85,4166.66,4246.23,4346.77,4403.42,4460.67,4505.68,4592.31,4743.91,4848.77G11,Sample X83,A,-3016.93,24753.62,-2183.29,-1313.48,-661.83,-1070.81,-205.31,43.69,10.58,-56.83,45.97,-36.63,188.16,459.11,669.73,1042.73,1405.6,1979.98,2540.98,3049.37,3347.87,3772.47,4283.32,4775.23,5053.67,5942.79,6000.51,6510.52,6897.81,6991.17,7448.19,7652.64,7771.14,8310.54,8091.4,8154.94,8660.48,8824.26,8811.71,9334.3,9083.74,9473.71,9400.45,9673.92,9766.46,10305.39,10117.08,10232.38,10302.66,0.015,0.006,0.013,0.046,0.039,0.064,0.082,0.101,0.153,0.24,0.342,0.432,0.49,0.579,0.689,0.789,0.858,0.885,0.926,0.928,0.944,0.962,0.97,0.984,1.029,0.984,1.051,1.049,1.048,1.082,1.069,1.065,1.076,1.027,1.074,1.082,1.035,1.026,1.054,1.027,1.054,1.033,1.049,1.033,1.041,1.001,1.022,1.022,1.018,-1611.04,9521.74,-955.38,-1440.53,-978.79,-430.94,-60.62,-12.01,-40.79,44.46,33.51,-14.89,93.07,225.32,348.91,498.58,698.06,1012.31,1310.44,1570.91,1733.04,1929.44,2215.52,2458,2648.5,3077.86,3102.99,3348.91,3561.11,3599,3822.25,3939.77,4028.24,4298.95,4196.55,4210.69,4473.24,4620.72,4579.25,4803.63,4716.27,4847.84,4832.78,4988.28,5020.44,5342.59,5273.24,5305.8,5358.55G12,Sample X84,A,-4234.51,18559.28,-3952.92,205.41,11.28,-148.48,106.34,174.34,-31.72,60.11,364.62,987.97,1847.1,2799.42,3972.85,5055.09,6164.45,6803.8,7050.99,7430.15,7775.34,8018.24,8290.1,8584.44,8749.11,8967.22,8864.71,9138.97,9197.75,9135.73,9395.04,9386.41,9524.65,9626.22,9734.09,9809.61,9859.74,9986.99,10081.23,10139.01,10369.92,10458.12,10641.89,10635.92,10799.66,10758.68,10948.96,11198.99,11248.09,0.02,0.027,0.022,0.025,0.036,0.049,0.074,0.12,0.196,0.284,0.377,0.44,0.536,0.653,0.75,0.813,0.843,0.881,0.91,0.913,0.937,0.964,0.975,0.992,1.003,1,1.036,1.03,1.029,1.055,1.038,1.043,1.039,1.031,1.034,1.034,1.034,1.021,1.03,1.029,1.014,1.006,0.999,0.997,0.998,1.002,0.997,0.988,0.984,-2056.71,7075.24,-1757.61,-821.33,-858.64,164.67,202.25,-48.18,33.41,32.47,126.5,455.06,916.86,1429.07,2024.74,2584.91,3161.75,3525.35,3703.68,3913.48,4050.4,4176.58,4318.93,4430.47,4531.87,4672.78,4619.19,4728.69,4759.99,4704.16,4861.84,4861.64,4896.29,4913.99,5022.54,5104.26,5105.07,5239.59,5199.28,5201.62,5356.46,5398.61,5526.93,5509.89,5626.67,5621.42,5667.02,5777.04,5864.99H01,Sample X85,A,-2032.92,20253.62,-875.2,-207.78,-315.31,-219.19,78.92,261.3,14.76,149.34,442.56,1143.53,1967.41,2825.73,3494.56,4190.99,4783.04,5247.63,5732.61,6389.66,7186.6,7988.47,8894.47,9720.03,10236.46,11371.4,11230.5,11728.59,11910.65,12023.36,12294.53,12507.23,12682.88,13543.36,13080.58,13173.37,13779.82,14037.28,13599.93,14101.89,13963.43,14161.04,14167.08,14417.15,14514.33,14745.81,14827.53,14864.85,14892.32,0.014,0.02,0.017,0.044,0.049,0.074,0.1,0.15,0.236,0.326,0.436,0.498,0.604,0.72,0.813,0.852,0.883,0.909,0.93,0.936,0.956,0.982,0.99,1.002,1.026,0.982,1.041,1.039,1.043,1.062,1.054,1.048,1.045,0.99,1.028,1.03,1.004,0.98,1.014,0.997,1.008,0.999,1.003,0.994,0.996,0.985,0.986,0.988,0.991,-877.31,8433.5,-6.82,-1279.22,-566.33,-32.05,214.43,91.65,106.22,28.36,232.96,564.02,962.09,1421.99,1770.33,2117.27,2442.11,2680.36,2980.18,3329.19,3731.36,4106.95,4574.88,5038,5265.64,5861.12,5807.23,6022.28,6185.2,6232.48,6359.88,6479.21,6565.9,6988.44,6799.75,6821.01,7094.8,7272.47,7091.38,7257.55,7197.85,7355.18,7346.57,7468.04,7482.62,7617.52,7690.59,7683.93,7731.62H02,Sample X86,A,-4151.83,18817.33,-1551.82,-789.8,-442.55,-764.02,208.63,91.79,32.03,62.08,767.02,1719.86,2894.84,4272.93,5406.43,6349.74,6973.68,7422.3,7945.32,8678.4,9566.55,10269.33,11042.9,11959.29,12321.12,13506.51,13410.8,13793.39,14102.49,14059.71,14495.5,14528.65,14580,15456.61,14866.98,14891.27,15478.86,15997.14,15429.24,15618.9,15689.15,15921.08,15656.98,15875.52,16032.98,16354.33,16089.18,16160,16260.38,0.023,0.029,0.021,0.053,0.059,0.083,0.113,0.166,0.254,0.345,0.447,0.52,0.63,0.745,0.829,0.864,0.898,0.922,0.943,0.955,0.972,1.002,1.022,1.02,1.05,1.006,1.061,1.063,1.059,1.084,1.065,1.077,1.075,1.025,1.067,1.07,1.039,1.008,1.056,1.045,1.055,1.041,1.059,1.044,1.049,1.035,1.048,1.042,1.044,-2029,7750.41,-603.41,-1406.25,-684.01,-105.09,152.91,38.97,27.11,54.31,309.03,861.58,1463.61,2203.97,2734.78,3211.71,3612.64,3849.63,4122.46,4506.72,4936.24,5309.28,5732.61,6178.93,6414.41,7015.69,6910.9,7143.91,7330.17,7206.27,7514.47,7470.74,7561.67,7980.28,7714.57,7676.89,8035.77,8347.2,7947.29,8129.36,8092.68,8172.13,8126.12,8252.37,8274.43,8432.28,8300.25,8405.7,8441.35H03,Sample X87,A,2742.4,24228.55,1834.57,953.57,947.12,11.95,439,624.02,194.49,123.39,311.49,319.41,674.12,844.37,929.67,1044.75,1151.64,1409.6,1564.75,1753.84,2041.64,2317.24,2711.93,3018.98,3246.88,3610.42,3721.31,3859.47,3986.88,4093.92,4294.02,4450.9,4515.4,4730.16,4689.57,4712.83,4891.56,5094.73,4933.94,5077,5108.18,5233.31,5159.3,5230.06,5288.05,5451.72,5455.13,5432.03,5474.45,0.011,0.011,0.011,0.031,0.035,0.055,0.073,0.109,0.168,0.27,0.354,0.446,0.531,0.641,0.764,0.851,0.909,0.936,0.98,0.987,1.003,1.034,1.031,1.049,1.073,1.032,1.08,1.086,1.089,1.109,1.1,1.094,1.096,1.056,1.092,1.11,1.081,1.047,1.086,1.075,1.082,1.06,1.074,1.057,1.06,1.042,1.051,1.048,1.042,976.48,10592.54,-161.73,-743.69,-510.81,167.99,409.64,127.13,242.36,137.32,160.62,177.21,315,437.91,463.78,512.51,592.75,698.4,829.15,914.89,1041.05,1194.55,1383.84,1532.5,1673.92,1902.35,1898.08,2005.3,2071.61,2115.86,2186.83,2272.78,2336.4,2444.08,2417.97,2408.26,2533.09,2656.65,2580.62,2592.33,2590.33,2707.98,2680.33,2725.9,2802.31,2833.52,2817.41,2827.84,2845.4H04,Sample X88,A,-2694.11,31577.15,1182.22,802.06,576.26,257,782.22,466.68,213.64,267.43,242.62,382.64,1134.26,1721.59,2289.57,2842.09,3284.53,3875.54,4404.15,4769.13,5007.37,5312.58,5639.46,6012.66,6102.58,6758.78,6663.3,6975.22,7074.17,7196.96,7407.46,7401.39,7594.93,7905.99,7502.6,7721.15,8033.57,8441.95,8047.21,8268.43,8371.77,8549.7,8456.47,8591.52,8699.77,8966.38,8828.91,9002.41,9062.62,0.014,0.005,0.011,0.023,0.03,0.046,0.063,0.095,0.153,0.247,0.337,0.418,0.485,0.584,0.704,0.792,0.844,0.869,0.898,0.907,0.925,0.95,0.962,0.978,1.005,0.975,1.029,1.029,1.039,1.05,1.042,1.05,1.047,1.007,1.063,1.049,1.024,0.983,1.035,1.02,1.021,1.005,1.016,1.004,1.006,0.988,1.005,0.993,0.993,-989.79,15149.19,404.56,-170.09,135.52,359.48,435.34,335.04,187.84,112.97,119.98,206.04,577.14,897.39,1154.11,1449.89,1690.34,1998.74,2269.79,2452.67,2594.33,2757.44,2960.31,3074.31,3190.75,3497.2,3429.08,3612.89,3641.45,3669.36,3809.19,3859.55,3905.88,4127.44,3889.51,3991.39,4163.26,4397.18,4171.72,4235.21,4305.5,4366.45,4411.14,4483.6,4530.95,4624.35,4522.98,4645.45,4653.57H05,Sample X89,A,4065.15,180086.96,3555.63,1399.92,819.96,48.88,618.9,281.01,155.77,142.54,225.06,194.53,512.79,677.27,754.01,829.61,1001.14,1428.79,1870.33,2323.28,2930.87,3661.8,4525.3,5283.37,5937.63,6919.92,7280.16,7794.83,8347.02,8584.79,9072.73,9371.42,9524.04,9996.16,10054.38,10043.35,10569.4,11167.69,10831.77,11037.27,11087,11409.69,11398.2,11615.88,11673.68,12103.99,11863.77,12123.21,12185.77,0.008,0.0005,0.009,0.019,0.022,0.043,0.062,0.095,0.158,0.246,0.346,0.429,0.502,0.607,0.729,0.815,0.863,0.891,0.924,0.93,0.949,0.98,0.987,1,1.021,0.996,1.04,1.047,1.047,1.066,1.061,1.06,1.069,1.036,1.054,1.063,1.036,0.998,1.041,1.033,1.043,1.024,1.035,1.022,1.031,1.009,1.023,1.019,1.016,1826.57,78521.74,1578.83,-46.83,-135.65,141.36,149.13,211.01,160.45,101.28,108.6,141.63,262.82,344.66,361.37,391.61,505.07,723,954.14,1213.13,1508.29,1857.76,2319.76,2710.6,3099.97,3596.16,3766.41,4065.76,4346.63,4462.57,4665.75,4836.78,4919.41,5169.75,5174.92,5216.61,5457.93,5770.55,5618.78,5732.82,5695.38,5868.95,5923.34,6019.85,6049.04,6265.83,6157.53,6237.86,6347.81H06,Sample X90,A,581.23,716086.96,18.48,-272.6,1968.69,42.16,438.19,378.24,122.6,47.97,164,45.49,188.06,259.99,240.42,270.39,397.22,586.54,805.77,1059.5,1459.38,1949.39,2442.02,3070.84,3627.14,4336.6,4674.42,5115.54,5515.12,5854.55,6176.64,6427.32,6580.03,6830.54,7016.62,6962.98,7289.18,7816.73,7580.11,7766.29,7857.67,8153.41,8135.56,8289.88,8352.76,8610.33,8531.05,8693.07,8812.88,0.009,0.0001,0.01,0.017,0.021,0.039,0.059,0.093,0.151,0.24,0.338,0.421,0.489,0.593,0.715,0.797,0.85,0.883,0.916,0.928,0.946,0.972,0.988,0.996,1.022,1.004,1.056,1.065,1.066,1.077,1.075,1.077,1.077,1.059,1.061,1.08,1.054,1.014,1.06,1.039,1.049,1.027,1.04,1.029,1.041,1.02,1.039,1.027,1.024,199.92,246521.74,-235.36,192.94,306.07,103.91,139.06,51.87,163.18,32.37,54.06,19.47,100.32,117.51,106.44,105.78,186.27,298.68,419.38,571.12,755.86,955.27,1282.12,1584.61,1883.4,2249.06,2369.19,2655.19,2860.3,3020.57,3179.72,3309.99,3454.87,3529.37,3627.98,3603.81,3789.18,4042.44,3931.8,4048.66,4077.54,4191.14,4239.27,4334.46,4353.42,4485.93,4411.77,4536.47,4580.51H07,Negative control N,A,,,,,,,,,,,,,,,,,,,,,,,,,,,,,,,,,,,,,,,,,,,,,,,,,,0.008,-0.005,0.011,0.013,0.02,0.04,0.065,0.105,0.173,0.267,0.38,0.47,0.603,0.737,0.807,0.853,0.899,0.937,0.968,0.986,1.014,1.037,1.046,1.054,1.079,1.051,1.078,1.087,1.079,1.092,1.082,1.081,1.081,1.055,1.089,1.098,1.094,1.063,1.103,1.094,1.112,1.097,1.103,1.099,1.111,1.096,1.104,1.098,1.097,,,,,,,,,,,,,,,,,,,,,,,,,,,,,,,,,,,,,,,,,,,,,,,,,H08,Positive control P,A,1234583.67,-580010.6,1395634.17,1168683.67,1822950,429627.3,430199.34,383243.01,306865.63,223259.41,168586.99,146682.97,131185.53,135743.12,147828.32,164118.14,182981.46,197347.13,220220.49,250360.44,268346.9,272062.82,263705.28,254445.81,245256.87,247195.01,232945.77,232413.58,230569.44,224234.47,224308.17,223719.72,220754.84,230279.51,219145.97,218523.67,219091.47,224651.99,214011.87,215432.62,211661.51,213978.51,212369.49,212951.82,209837.73,213469.52,210885.63,208806.52,210715.76,0.005,-0.008,0.004,0.005,0.003,0.015,0.018,0.024,0.036,0.061,0.103,0.156,0.23,0.294,0.374,0.455,0.555,0.669,0.789,0.858,0.895,0.941,0.97,1.005,1.042,1.033,1.096,1.098,1.107,1.137,1.137,1.139,1.154,1.106,1.162,1.165,1.162,1.133,1.189,1.181,1.202,1.188,1.197,1.193,1.211,1.19,1.205,1.216,1.205,646024.1,-299453.87,719758.91,604751.8,941375,221952.95,221521.7,197449.99,157100.54,114584.85,86242.01,74809.84,67250.41,69004.65,76333.73,84561.14,94324.94,102173.71,114110.4,130150.51,140354.85,144669.02,151432.19,156146.93,158259.78,164967.46,158737.13,162526.67,163626.62,161467.09,164128.92,165356.75,165090.48,172448.86,166767.55,166058.21,167822.23,173357.57,166094.62,168239.59,165638.48,168712.11,167591.37,169464.72,167561.34,172561.03,170623.61,170998.29,173295.22H09,Positive control P,A,1608199.28,-574594.86,1395014.51,1114954.57,2776210.87,549742.05,417800.35,408809.14,334973.36,230958.58,168151.85,146708.88,135966.85,143897.04,150156.16,174179.25,188138.73,205582.22,230090.76,255418.16,271981.07,272383.09,263268.49,253203.2,244996.46,245996,237531.29,235942.79,233677.62,227216.37,229230.83,229761.52,227233.46,232636.05,223654.44,220685.62,220723.26,227946.64,220074.31,221343.54,217912.77,220372.51,218288.76,219386.96,216977.78,217030.54,216374.94,213936.1,215052.62,0.004,-0.009,0.004,0.005,0.002,0.013,0.02,0.024,0.036,0.065,0.114,0.172,0.24,0.306,0.405,0.471,0.583,0.694,0.812,0.865,0.893,0.94,0.972,1.01,1.043,1.038,1.075,1.082,1.092,1.123,1.113,1.11,1.122,1.095,1.139,1.154,1.153,1.117,1.156,1.15,1.168,1.154,1.165,1.159,1.172,1.171,1.175,1.187,1.181,839807.88,-301773.72,717750.36,579333.74,1419989.13,282588.92,213485.08,209815.92,170927.12,119224.02,86054.03,75026.77,69463.56,73313.9,76928.42,89260.03,97058.97,106033.43,118674.46,132888.82,142160.48,145799.3,152220.95,155943.67,156552.34,161946.05,160431.16,162630.97,163441.25,160634.96,165179.75,167038.25,166897.17,171271.06,166710.72,165409.57,166353.07,172605.8,167189.12,169538.77,167073.77,170484.38,168318.02,171865.4,169298.68,171895.82,171954.52,172496.14,173479.97H10,Negative control N,B,,,,,,,,,,,,,,,,,,,,,,,,,,,,,,,,,,,,,,,,,,,,,,,,,,0.005,-0.006,0.005,0.015,0.022,0.045,0.073,0.118,0.2,0.294,0.412,0.503,0.658,0.774,0.841,0.888,0.929,0.961,1.003,1.02,1.042,1.064,1.072,1.072,1.082,1.064,1.093,1.091,1.087,1.102,1.093,1.12,1.098,1.076,1.1,1.113,1.121,1.093,1.157,1.129,1.148,1.147,1.167,1.164,1.169,1.156,1.167,1.164,1.172,,,,,,,,,,,,,,,,,,,,,,,,,,,,,,,,,,,,,,,,,,,,,,,,,H11,Positive control P,B,32726.6,80550.73,50578.06,38657.25,43420.46,31481.07,27828.2,24287.35,21509.85,19621.81,19384.22,22810.7,24783.83,27591.06,29041.01,30707.77,31975.27,33225.39,33900.81,35472.23,36076.24,35946.02,36790.11,36925.11,36641.49,37301.62,36456.78,36656.5,37074.72,36049.44,37146.56,37527.15,37418.23,38440.03,37734.9,37529.88,37728.81,39270.55,38214.91,38703.48,38006.64,38309.4,38732.77,38609.11,38848.26,39586.44,39313.89,39134.12,39752.33,0.016,0.011,0.016,0.029,0.036,0.065,0.091,0.137,0.209,0.302,0.421,0.505,0.658,0.774,0.843,0.89,0.939,0.968,1.014,1.026,1.052,1.08,1.079,1.085,1.096,1.078,1.111,1.104,1.096,1.131,1.104,1.1,1.103,1.085,1.116,1.127,1.134,1.104,1.144,1.139,1.164,1.165,1.17,1.18,1.182,1.172,1.182,1.193,1.178,19840.92,39808.08,24155.75,18523.54,21580.8,16005.57,14594.6,12249.45,10983.75,9969.75,9969.28,11654.05,12718.43,14232.91,15033.99,15837.98,16605.65,17231.72,17561.76,18337.82,18705.89,18695.31,18984.69,19114.79,18974.31,19449.59,18866.23,19012.3,19152.18,18601.74,19099.81,19467.72,19321.22,19888.75,19515.45,19392.72,19544.68,20268.55,19702.77,20032.89,19679.1,19836.23,19959.62,19980.41,20151.62,20461,20251.15,20122.8,20586.39H12,Blank B,A,,,,,,,,,,,,,,,,,,,,,,,,,,,,,,,,,,,,,,,,,,,,,,,,,,,,,,,,,,,,,,,,,,,,,,,,,,,,,,,,,,,,,,,,,,,,,,,,,,,,,,,,,,,,,,,,,,,,,,,,,,,,,,,,,,,,,,,,,,,,,,,,,,,